0.000000
 0.000000
 0.000000
 0.000000
 0.004739
 0.051699
 0.000000
 0.000000
 0.000000
 0.000000
 0.004739
 0.051699
 0.000000
 0.000000
 0.000000
 0.000000
 0.004739
 0.051699
 0.000000
 0.000000
 0.000000
 0.000000
 0.004739
 0.051699
 0.000000
 0.000000
 0.000000
 0.000000
 0.004739
 0.051699
 0.000000
 0.000000
 0.000000
 0.000000
 0.004739
 0.051699
 0.000000
 0.000000
 0.000000
 0.000000
 0.004739
 0.051699
 0.000000
 0.000000
 0.000000
 0.000000
 0.004739
 0.051699
 0.000000
 0.000000
 0.000000
 0.000000
 0.004739
 0.051699
 0.000000
 0.000000
 0.000000
 0.000000
 0.004739
 0.051699
 0.000000
 0.000000
 0.000000
 0.000000
 0.004739
 0.051699
 0.000000
 0.000000
 0.000000
 0.000000
 0.004739
 0.051699
 0.000000
 0.000000
 0.000000
 0.000000
 0.004739
 0.051699
 0.000000
 0.000000
 0.000000
 0.000000
 0.004739
 0.051699
 0.000000
 0.000000
 0.000000
 0.000000
 0.004739
 0.051699
 0.000000
 0.000000
 0.000000
 0.000000
 0.004739
 0.051699
 0.000000
 0.000000
 0.000000
 0.000000
 0.004739
 0.051699
 0.000000
 0.000000
 0.000000
 0.000000
 0.004739
 0.051699
 0.000000
 0.000000
 0.000000
 0.000000
 0.004739
 0.051699
 0.000000
 0.000000
 0.000000
 0.000000
 0.004739
 0.051699
 0.000000
 0.000000
 0.000000
 0.000000
 0.004739
 0.051699
 0.000000
 0.000000
 0.000000
 0.000000
 0.004739
 0.051699
 0.000000
 0.000000
 0.000000
 0.000000
 0.004739
 0.051699
 0.000000
 0.000000
 0.000000
 0.000000
 0.004739
 0.051699
 0.000000
 0.000000
 0.000000
 0.000000
 0.004739
 0.051699
 0.000000
 0.000000
 0.000000
 0.000000
 0.004739
 0.051699
 0.000000
 0.000000
 0.000000
 0.000000
 0.004739
 0.051699
 0.000000
 0.000000
 0.000000
 0.000000
 0.004739
 0.051699
 0.471255
 0.159686
 0.000000
 0.360794
 0.355829
 0.051699
 0.495697
 0.374558
 0.012202
 0.477750
 0.854286
 0.051699
 0.246087
 0.314896
 0.220736
 0.292764
 0.693204
 0.051699
 0.021228
 0.084625
 0.118697
 0.056664
 0.200474
 0.051699
 0.000000
 0.000000
 0.000000
 0.000000
 0.004739
 0.051699
 0.000000
 0.000000
 0.000000
 0.000000
 0.004739
 0.051699
 0.000000
 0.000000
 0.000000
 0.000000
 0.004739
 0.051699
 0.000000
 0.000000
 0.000000
 0.000000
 0.004739
 0.051699
 0.000000
 0.000000
 0.000000
 0.000000
 0.004739
 0.051699
 0.000000
 0.000000
 0.000000
 0.000000
 0.004739
 0.051699
 0.000000
 0.000000
 0.000000
 0.000000
 0.004739
 0.051699
 0.000000
 0.000000
 0.000000
 0.000000
 0.004739
 0.051699
 0.000000
 0.000000
 0.000000
 0.000000
 0.004739
 0.051699
 1.103251
 0.954803
 0.147790
 0.874049
 0.244955
 0.339710
 0.783552
 0.923603
 1.034414
 1.298796
 1.192046
 0.611891
 0.371368
 0.768545
 0.834000
 1.412708
 1.436484
 0.114849
 0.484528
 0.604003
 0.669104
 1.367562
 1.289127
 0.000000
 0.587749
 0.632299
 0.502476
 1.293054
 1.029230
 0.000000
 0.587749
 0.653848
 0.545672
 1.306588
 1.086399
 0.000000
 0.587749
 0.640628
 0.600106
 1.291846
 1.053446
 0.000000
 0.526137
 0.604081
 0.826616
 1.240291
 1.295168
 0.000000
 0.030157
 0.185335
 0.884170
 0.418002
 1.086921
 0.000000
 0.000000
 0.000000
 0.000000
 0.000000
 0.004739
 0.051699
 0.000000
 0.000000
 0.000000
 0.000000
 0.004739
 0.051699
 0.000000
 0.000000
 0.000000
 0.000000
 0.004739
 0.051699
 0.000000
 0.000000
 0.000000
 0.000000
 0.004739
 0.051699
 0.246169
 0.849706
 0.384764
 0.381555
 0.000000
 1.197880
 0.000000
 0.993031
 0.758763
 0.711303
 0.000000
 1.602429
 0.000000
 1.148234
 0.829289
 0.951436
 0.000000
 1.571906
 0.000000
 1.102098
 1.174643
 1.144003
 0.000000
 1.396414
 0.000000
 1.031823
 1.023771
 1.187606
 0.000000
 1.483285
 0.000000
 1.003191
 1.146756
 1.218462
 0.000000
 1.553532
 0.497614
 1.309205
 1.240527
 1.482100
 0.000000
 1.252237
 0.569067
 1.778159
 1.777715
 1.577613
 0.453021
 0.348326
 0.000000
 0.297943
 1.272330
 0.757940
 0.847409
 0.298822
 0.000000
 0.000000
 0.000000
 0.000000
 0.004739
 0.051699
 0.000000
 0.000000
 0.000000
 0.000000
 0.004739
 0.051699
 0.000000
 0.000000
 0.000000
 0.000000
 0.004739
 0.051699
 0.000000
 0.000000
 0.000000
 0.000000
 0.004739
 0.051699
 0.000000
 0.000000
 0.000000
 0.000000
 0.004739
 0.051699
 0.000000
 0.000000
 0.000000
 0.000000
 0.004739
 0.051699
 0.001612
 0.026535
 0.000000
 0.000000
 0.004739
 0.099865
 0.000000
 0.129430
 0.094795
 0.076255
 0.004739
 0.269891
 0.000000
 0.199968
 0.092374
 0.062054
 0.004739
 0.377057
 0.324891
 0.251374
 0.117694
 0.259342
 0.089119
 0.424693
 1.292483
 1.408375
 0.242508
 1.154676
 0.000000
 0.000000
 0.211020
 1.504034
 1.659214
 1.127300
 0.253425
 0.568001
 0.000000
 0.148964
 0.777385
 0.557920
 0.102152
 0.498859
 0.000000
 0.000000
 0.000000
 0.000000
 0.004739
 0.051699
 0.000000
 0.000000
 0.000000
 0.000000
 0.004739
 0.051699
 0.000000
 0.000000
 0.000000
 0.000000
 0.004739
 0.051699
 0.000000
 0.000000
 0.000000
 0.000000
 0.004739
 0.051699
 0.000000
 0.000000
 0.000000
 0.000000
 0.004739
 0.051699
 0.000000
 0.000000
 0.000000
 0.000000
 0.004739
 0.051699
 0.000000
 0.000000
 0.000000
 0.000000
 0.004739
 0.051699
 0.000000
 0.000000
 0.000000
 0.000000
 0.004739
 0.051699
 0.000000
 0.000000
 0.000000
 0.000000
 0.004739
 0.051699
 1.240443
 0.778805
 0.000000
 0.903706
 0.093942
 0.000000
 1.330483
 1.477140
 1.753382
 1.189726
 0.115926
 0.609241
 0.000000
 0.768565
 1.675683
 1.002876
 0.152255
 0.670726
 0.000000
 0.040029
 0.108796
 0.095702
 0.032602
 0.171081
 0.000000
 0.000000
 0.000000
 0.000000
 0.004739
 0.051699
 0.000000
 0.000000
 0.000000
 0.000000
 0.004739
 0.051699
 0.000000
 0.000000
 0.000000
 0.000000
 0.004739
 0.051699
 0.000000
 0.000000
 0.000000
 0.000000
 0.004739
 0.051699
 0.000000
 0.000000
 0.000000
 0.000000
 0.004739
 0.051699
 0.000000
 0.000000
 0.000000
 0.000000
 0.004739
 0.051699
 0.000000
 0.000000
 0.000000
 0.000000
 0.004739
 0.051699
 0.000000
 0.000000
 0.000000
 0.000000
 0.004739
 0.051699
 0.290124
 0.050102
 0.000000
 0.232167
 0.112683
 0.051699
 1.228147
 1.435652
 0.406007
 1.079653
 0.001659
 0.000000
 0.000000
 1.425550
 1.681083
 1.109566
 0.125390
 0.522278
 0.000000
 0.105057
 0.621139
 0.467530
 0.138515
 0.450172
 0.000000
 0.000000
 0.000000
 0.000000
 0.004739
 0.051699
 0.000000
 0.000000
 0.000000
 0.000000
 0.004739
 0.051699
 0.000000
 0.000000
 0.000000
 0.000000
 0.004739
 0.051699
 0.000000
 0.000000
 0.000000
 0.000000
 0.004739
 0.051699
 0.000000
 0.000000
 0.000000
 0.000000
 0.004739
 0.051699
 0.000000
 0.000000
 0.000000
 0.000000
 0.004739
 0.051699
 0.000000
 0.000000
 0.000000
 0.000000
 0.004739
 0.051699
 0.000000
 0.000000
 0.000000
 0.000000
 0.004739
 0.051699
 0.035178
 0.003795
 0.000000
 0.027412
 0.023790
 0.051699
 1.309668
 0.904873
 0.000000
 0.966436
 0.141363
 0.000000
 1.309565
 1.424312
 1.729789
 1.171413
 0.131246
 0.506447
 0.000000
 0.588576
 1.553186
 0.882912
 0.146160
 0.487858
 0.000000
 0.053608
 0.019835
 0.037124
 0.004739
 0.103829
 0.000000
 0.000000
 0.000000
 0.000000
 0.004739
 0.051699
 0.000000
 0.000000
 0.000000
 0.000000
 0.004739
 0.051699
 0.000000
 0.000000
 0.000000
 0.000000
 0.004739
 0.051699
 0.000000
 0.000000
 0.000000
 0.000000
 0.004739
 0.051699
 0.000000
 0.000000
 0.000000
 0.000000
 0.004739
 0.051699
 0.000000
 0.000000
 0.000000
 0.000000
 0.004739
 0.051699
 0.000000
 0.000000
 0.000000
 0.000000
 0.004739
 0.051699
 0.000000
 0.000000
 0.000000
 0.000000
 0.004739
 0.051699
 1.032016
 0.389255
 0.000000
 0.798807
 0.175364
 0.043706
 1.293602
 1.439737
 1.431595
 1.239958
 0.152724
 0.103797
 0.000000
 1.269918
 1.655535
 1.155025
 0.015598
 0.744269
 0.000000
 0.110569
 0.530228
 0.413873
 0.078028
 0.459233
 0.000000
 0.000000
 0.000000
 0.000000
 0.004739
 0.051699
 0.000000
 0.000000
 0.000000
 0.000000
 0.004739
 0.051699
 0.000000
 0.000000
 0.000000
 0.000000
 0.004739
 0.051699
 0.000000
 0.000000
 0.000000
 0.000000
 0.004739
 0.051699
 0.000000
 0.000000
 0.000000
 0.000000
 0.004739
 0.051699
 0.000000
 0.000000
 0.000000
 0.000000
 0.004739
 0.051699
 0.000000
 0.000000
 0.000000
 0.000000
 0.004739
 0.051699
 0.000000
 0.000000
 0.000000
 0.000000
 0.004739
 0.051699
 0.353192
 0.076982
 0.000000
 0.281564
 0.074734
 0.051699
 1.366944
 1.349447
 0.141830
 1.140730
 0.210996
 0.000000
 0.573507
 1.565323
 1.728953
 1.161600
 0.190991
 0.800009
 0.000000
 0.336223
 1.147028
 0.751444
 0.000000
 0.792032
 0.000000
 0.031300
 0.008847
 0.019921
 0.004739
 0.083157
 0.000000
 0.000000
 0.000000
 0.000000
 0.004739
 0.051699
 0.000000
 0.000000
 0.000000
 0.000000
 0.004739
 0.051699
 0.000000
 0.000000
 0.000000
 0.000000
 0.004739
 0.051699
 0.000000
 0.000000
 0.000000
 0.000000
 0.004739
 0.051699
 0.000000
 0.000000
 0.000000
 0.000000
 0.004739
 0.051699
 0.000000
 0.000000
 0.000000
 0.000000
 0.004739
 0.051699
 0.000000
 0.000000
 0.000000
 0.000000
 0.004739
 0.051699
 0.000000
 0.000000
 0.000000
 0.000000
 0.004739
 0.051699
 1.216221
 0.764960
 0.000000
 0.885719
 0.077330
 0.000000
 1.303753
 1.546472
 1.201215
 1.707698
 0.044579
 0.000000
 0.000000
 1.078395
 1.768398
 1.185679
 0.665392
 0.074887
 0.000000
 0.077635
 0.214810
 0.167970
 0.151913
 0.088405
 0.000000
 0.000000
 0.000000
 0.000000
 0.004739
 0.051699
 0.000000
 0.000000
 0.000000
 0.000000
 0.004739
 0.051699
 0.000000
 0.000000
 0.000000
 0.000000
 0.004739
 0.051699
 0.000000
 0.000000
 0.000000
 0.000000
 0.004739
 0.051699
 0.000000
 0.000000
 0.000000
 0.000000
 0.004739
 0.051699
 0.000000
 0.000000
 0.000000
 0.000000
 0.004739
 0.051699
 0.000000
 0.000000
 0.000000
 0.000000
 0.004739
 0.051699
 0.000000
 0.000000
 0.000000
 0.000000
 0.004739
 0.051699
 0.000000
 0.000000
 0.000000
 0.000000
 0.004739
 0.051699
 1.169556
 1.072300
 0.303037
 0.957799
 0.000000
 1.027526
 0.434409
 1.505993
 1.788482
 1.407356
 0.000000
 1.687459
 0.000000
 0.630563
 1.543009
 0.958221
 0.112470
 1.011304
 0.000000
 0.036150
 0.086985
 0.068890
 0.045879
 0.139147
 0.000000
 0.000000
 0.000000
 0.000000
 0.004739
 0.051699
 0.000000
 0.000000
 0.000000
 0.000000
 0.004739
 0.051699
 0.000000
 0.000000
 0.000000
 0.000000
 0.004739
 0.051699
 0.000000
 0.000000
 0.000000
 0.000000
 0.004739
 0.051699
 0.000000
 0.000000
 0.000000
 0.000000
 0.004739
 0.051699
 