0.000000
 0.000000
 0.000000
 0.000000
 0.185332
 0.000000
 0.000000
 0.000000
 0.000000
 0.000000
 0.185332
 0.000000
 0.000000
 0.000000
 0.000000
 0.000000
 0.185332
 0.000000
 0.000000
 0.000000
 0.000000
 0.000000
 0.185332
 0.000000
 0.000000
 0.000000
 0.000000
 0.000000
 0.185332
 0.000000
 0.000000
 0.000000
 0.000000
 0.000000
 0.185332
 0.000000
 0.000000
 0.000000
 0.000000
 0.000000
 0.185332
 0.000000
 0.000000
 0.000000
 0.000000
 0.000000
 0.185332
 0.000000
 0.000000
 0.000000
 0.000000
 0.000000
 0.185332
 0.000000
 0.000000
 0.000000
 0.000000
 0.000000
 0.185332
 0.000000
 0.000000
 0.000000
 0.000000
 0.000000
 0.185332
 0.000000
 0.000000
 0.000000
 0.000000
 0.000000
 0.185332
 0.000000
 0.000000
 0.000000
 0.000000
 0.000000
 0.185332
 0.000000
 0.000000
 0.000000
 0.000000
 0.000000
 0.185332
 0.000000
 0.000000
 0.000000
 0.000000
 0.000000
 0.185332
 0.000000
 0.000000
 0.000000
 0.000000
 0.000000
 0.185332
 0.000000
 0.000000
 0.000000
 0.000000
 0.000000
 0.185332
 0.000000
 0.000000
 0.000000
 0.000000
 0.000000
 0.185332
 0.000000
 0.000000
 0.000000
 0.000000
 0.000000
 0.185332
 0.000000
 0.000000
 0.000000
 0.000000
 0.000000
 0.185332
 0.000000
 0.000000
 0.000000
 0.000000
 0.000000
 0.185332
 0.000000
 0.000000
 0.000000
 0.000000
 0.000000
 0.185332
 0.000000
 0.000000
 0.000000
 0.000000
 0.000000
 0.185332
 0.000000
 0.000000
 0.000000
 0.000000
 0.000000
 0.185332
 0.000000
 0.000000
 0.000000
 0.000000
 0.000000
 0.185332
 0.000000
 0.000000
 0.000000
 0.000000
 0.000000
 0.185332
 0.000000
 0.000000
 0.000000
 0.000000
 0.000000
 0.185332
 0.000000
 0.000000
 0.000000
 0.000000
 0.000000
 0.185332
 0.000000
 0.000000
 0.000000
 0.000000
 0.000000
 0.185332
 0.000000
 0.000000
 0.000000
 0.000000
 0.000000
 0.185332
 0.000000
 0.000000
 0.000000
 0.000000
 0.000000
 0.185332
 0.000000
 0.000000
 0.000000
 0.000000
 0.000000
 0.185332
 0.000000
 0.000000
 0.000000
 0.000000
 0.000000
 0.185332
 0.000000
 0.000000
 0.000000
 0.000000
 0.000000
 0.185332
 0.000000
 0.000000
 0.000000
 0.000000
 0.000000
 0.185332
 0.000000
 0.000000
 0.000000
 0.000000
 0.000000
 0.185332
 0.000000
 0.000000
 0.000000
 0.000000
 0.000000
 0.185332
 0.000000
 0.000000
 0.000000
 0.000000
 0.000000
 0.185332
 0.000000
 0.000000
 0.000000
 0.000000
 0.000000
 0.185332
 0.000000
 0.000000
 0.000000
 0.000000
 0.000000
 0.185332
 0.000000
 0.000000
 0.000000
 0.000000
 0.000000
 0.185332
 0.000000
 0.000000
 0.000000
 0.000000
 0.000000
 0.185332
 0.000000
 0.000000
 0.000000
 0.000000
 0.000000
 0.185332
 0.000000
 0.000000
 0.000000
 0.000000
 0.000000
 0.185332
 0.000000
 0.000000
 0.000000
 0.000000
 0.000000
 0.185332
 0.000000
 0.000000
 0.000000
 0.000000
 0.000000
 0.185332
 0.000000
 0.000000
 0.000000
 0.000000
 0.000000
 0.185332
 0.000000
 0.000000
 0.000000
 0.000000
 0.000000
 0.185332
 0.000000
 0.000000
 0.000000
 0.000000
 0.000000
 0.185332
 0.000000
 0.000000
 0.000000
 0.000000
 0.000000
 0.185332
 0.000000
 0.000000
 0.000000
 0.000000
 0.000000
 0.185332
 0.000000
 0.000000
 0.000000
 0.000000
 0.000000
 0.185332
 0.000000
 0.000000
 0.000000
 0.000000
 0.000000
 0.185332
 0.000000
 0.000000
 0.000000
 0.000000
 0.000000
 0.185332
 0.000000
 0.000000
 0.000000
 0.000000
 0.000000
 0.185332
 0.000000
 0.000000
 0.000000
 0.000000
 0.000000
 0.185332
 0.000000
 0.000000
 0.000000
 0.000000
 0.000000
 0.185332
 0.000000
 0.000000
 0.000000
 0.000000
 0.000000
 0.185332
 0.000000
 0.000000
 0.000000
 0.000000
 0.000000
 0.185332
 0.000000
 0.000000
 0.000000
 0.000000
 0.000000
 0.185332
 0.000000
 0.000000
 0.000000
 0.000000
 0.000000
 0.185332
 0.000000
 0.000000
 0.000000
 0.000000
 0.000000
 0.185332
 0.000000
 0.000000
 0.000000
 0.000000
 0.000000
 0.185332
 0.000000
 0.000000
 0.000000
 0.000000
 0.000000
 0.185332
 0.000000
 0.000000
 0.000000
 0.000000
 0.000000
 0.185332
 0.000000
 0.000000
 0.000000
 0.000000
 0.000000
 0.185332
 0.000000
 0.000000
 0.000000
 0.000000
 0.000000
 0.185332
 0.000000
 0.000000
 0.000000
 0.000000
 0.000000
 0.185332
 0.000000
 0.000000
 0.000000
 0.000000
 0.000000
 0.185332
 0.000000
 0.000000
 0.000000
 0.000000
 0.000000
 0.185332
 0.000000
 0.000000
 0.000000
 0.000000
 0.000000
 0.185332
 0.000000
 0.000000
 0.000000
 0.000000
 0.000000
 0.185332
 0.000000
 0.000000
 0.000000
 0.000000
 0.000000
 0.185332
 0.000000
 0.000000
 0.000000
 0.000000
 0.000000
 0.185332
 0.000000
 0.000000
 0.000000
 0.000000
 0.000000
 0.185332
 0.000000
 0.000000
 0.000000
 0.000000
 0.000000
 0.185332
 0.000000
 0.000000
 0.000000
 0.000000
 0.000000
 0.185332
 0.000000
 0.000000
 0.000000
 0.000000
 0.000000
 0.185332
 0.000000
 0.000000
 0.000000
 0.000000
 0.000000
 0.185332
 0.000000
 0.000000
 0.000000
 0.000000
 0.000000
 0.185332
 0.000000
 0.000000
 0.000000
 0.000000
 0.000000
 0.185332
 0.000000
 0.000000
 0.000000
 0.000000
 0.000000
 0.185332
 0.000000
 0.000000
 0.000000
 0.000000
 0.000000
 0.185332
 0.000000
 0.000000
 0.000000
 0.000000
 0.000000
 0.185332
 0.000000
 0.000000
 0.000000
 0.000000
 0.000000
 0.185332
 0.000000
 0.000000
 0.000000
 0.000000
 0.000000
 0.185332
 0.000000
 0.000000
 0.000000
 0.000000
 0.000000
 0.185332
 0.000000
 0.000000
 0.000000
 0.000000
 0.000000
 0.185332
 0.000000
 0.000000
 0.000000
 0.000000
 0.000000
 0.185332
 0.000000
 0.000000
 0.000000
 0.000000
 0.000000
 0.185332
 0.000000
 0.000000
 0.000000
 0.000000
 0.000000
 0.185332
 0.000000
 0.000000
 0.000000
 0.000000
 0.000000
 0.185332
 0.000000
 0.000000
 0.000000
 0.000000
 0.000000
 0.185332
 0.000000
 0.000000
 0.000000
 0.000000
 0.000000
 0.185332
 0.000000
 0.220493
 0.000000
 0.187039
 0.000000
 0.000000
 0.143212
 0.496897
 0.000000
 0.147308
 0.339948
 0.000000
 0.015639
 0.384461
 0.000000
 0.074593
 0.560204
 0.000000
 0.000000
 0.092761
 0.000000
 0.025309
 0.192912
 0.009724
 0.000000
 0.000000
 0.000000
 0.000000
 0.000000
 0.185332
 0.000000
 0.000000
 0.000000
 0.000000
 0.000000
 0.185332
 0.000000
 0.000000
 0.000000
 0.000000
 0.000000
 0.185332
 0.000000
 0.000000
 0.000000
 0.000000
 0.000000
 0.185332
 0.000000
 0.000000
 0.000000
 0.000000
 0.000000
 0.185332
 0.000000
 0.000000
 0.000000
 0.000000
 0.000000
 0.185332
 0.000000
 0.000000
 0.000000
 0.000000
 0.000000
 0.185332
 0.000000
 0.000000
 0.000000
 0.000000
 0.000000
 0.185332
 0.000000
 0.000000
 0.000000
 0.000000
 0.000000
 0.185332
 0.000000
 0.000000
 0.000000
 0.000000
 0.000000
 0.185332
 0.000000
 0.000000
 0.000000
 0.000000
 0.000000
 0.185332
 0.000000
 0.000000
 0.000000
 0.000000
 0.000000
 0.185332
 0.000000
 0.000000
 0.000000
 0.000000
 0.000000
 0.185332
 0.000000
 0.000000
 0.000000
 0.000000
 0.000000
 0.185332
 0.000000
 0.000000
 0.000000
 0.000000
 0.000000
 0.185332
 0.000000
 0.000000
 0.000000
 0.000000
 0.000000
 0.185332
 0.000000
 0.000000
 0.000000
 0.000000
 0.000000
 0.185332
 0.000000
 0.000000
 0.000000
 0.000000
 0.000000
 0.185332
 0.000000
 0.000000
 0.000000
 0.000000
 0.000000
 0.185332
 0.000000
 0.000000
 0.000000
 0.000000
 0.000000
 0.185332
 0.000000
 0.000000
 0.000000
 0.000000
 0.000000
 0.185332
 0.000000
 0.000000
 0.000000
 0.000000
 0.000000
 0.178995
 0.000000
 0.375154
 0.000000
 0.538888
 0.000000
 0.000000
 0.492805
 0.864467
 0.000000
 0.419874
 0.260554
 0.000000
 0.000000
 0.496919
 0.000000
 0.372487
 1.215866
 0.000000
 0.000000
 0.070130
 0.000000
 0.162341
 0.491143
 0.000000
 0.000000
 0.000000
 0.000000
 0.000000
 0.000000
 0.185332
 0.000000
 0.000000
 0.000000
 0.000000
 0.000000
 0.185332
 0.000000
 0.000000
 0.000000
 0.000000
 0.000000
 0.185332
 0.000000
 0.000000
 0.000000
 0.000000
 0.000000
 0.185332
 0.000000
 0.000000
 0.000000
 0.000000
 0.000000
 0.185332
 0.000000
 0.000000
 0.000000
 0.000000
 0.000000
 0.185332
 0.000000
 0.000000
 0.000000
 0.000000
 0.000000
 0.185332
 0.000000
 0.000000
 0.000000
 0.000000
 0.000000
 0.185332
 0.000000
 0.000000
 0.000000
 0.000000
 0.000000
 0.185332
 0.000000
 0.000000
 0.000000
 0.000000
 0.000000
 0.185332
 0.000000
 0.000000
 0.000000
 0.000000
 0.000000
 0.185332
 0.000000
 0.000000
 0.000000
 0.000000
 0.000000
 0.185332
 0.000000
 0.000000
 0.000000
 0.000000
 0.000000
 0.185332
 0.000000
 0.000000
 0.000000
 0.000000
 0.000000
 0.185332
 0.000000
 0.000000
 0.000000
 0.000000
 0.000000
 0.185332
 0.000000
 0.000000
 0.000000
 0.000000
 0.000000
 0.185332
 0.000000
 0.000000
 0.000000
 0.000000
 0.000000
 0.185332
 0.000000
 0.000000
 0.000000
 0.000000
 0.000000
 0.185332
 0.000000
 0.000000
 0.000000
 0.000000
 0.000000
 0.185332
 0.000000
 0.000000
 0.000000
 0.000000
 0.000000
 0.185332
 0.000000
 0.000000
 0.000000
 0.000000
 0.000000
 0.185332
 0.000000
 0.062085
 0.000000
 0.058194
 0.000000
 0.024388
 0.030329
 0.305112
 0.000000
 1.039957
 0.000000
 0.000000
 0.896566
 0.982198
 0.000000
 0.669549
 0.096282
 0.000000
 0.215268
 0.588540
 0.000000
 0.581796
 1.393211
 0.000000
 0.000000
 0.069432
 0.000000
 0.278500
 0.576049
 0.000000
 0.000000
 0.000000
 0.000000
 0.000000
 0.000000
 0.185332
 0.000000
 0.000000
 0.000000
 0.000000
 0.000000
 0.185332
 0.000000
 0.000000
 0.000000
 0.000000
 0.000000
 0.185332
 0.000000
 0.000000
 0.000000
 0.000000
 0.000000
 0.185332
 0.000000
 0.000000
 0.000000
 0.000000
 0.000000
 0.185332
 0.000000
 0.000000
 0.000000
 0.000000
 0.000000
 0.185332
 0.000000
 0.000000
 0.000000
 0.000000
 0.000000
 0.185332
 0.000000
 0.000000
 0.000000
 0.000000
 0.000000
 0.185332
 0.000000
 0.000000
 0.000000
 0.000000
 0.000000
 0.185332
 0.000000
 0.000000
 0.000000
 0.000000
 0.000000
 0.185332
 0.000000
 0.000000
 0.000000
 0.000000
 0.000000
 0.185332
 0.000000
 0.000000
 0.000000
 0.000000
 0.000000
 0.185332
 0.000000
 0.000000
 0.000000
 0.000000
 0.000000
 0.185332
 0.000000
 0.043686
 0.000000
 0.040217
 0.000000
 0.064926
 0.014021
 0.320301
 0.000000
 0.209017
 0.014712
 0.000000
 0.141602
 0.480054
 0.000000
 0.094051
 0.466641
 0.000000
 0.000000
 0.259416
 0.000000
 0.060802
 0.447121
 0.000000
 0.000000
 0.026328
 0.000000
 0.006841
 0.065459
 0.125510
 0.000000
 0.000000
 0.000000
 0.000000
 0.000000
 0.185332
 0.000000
 0.000000
 0.000000
 0.000000
 0.000000
 0.185332
 0.000000
 0.000000
 0.000000
 0.000000
 0.000000
 0.185332
 0.000000
 0.076908
 0.000000
 0.143140
 0.000000
 0.042850
 0.116783
 0.260903
 0.000000
 1.230527
 0.000000
 0.000000
 0.991581
 0.887417
 0.000000
 0.750567
 0.148927
 0.000000
 0.168070
 0.506312
 0.017549
 0.635712
 1.327552
 0.000000
 0.000000
 0.028420
 0.099568
 0.290648
 0.479997
 0.000000
 0.000000
 0.000000
 0.000000
 0.000000
 0.000000
 0.185332
 0.000000
 0.000000
 0.000000
 0.000000
 0.000000
 0.185332
 0.000000
 0.000000
 0.000000
 0.000000
 0.000000
 0.185332
 0.000000
 0.000000
 0.000000
 0.000000
 0.000000
 0.185332
 0.000000
 0.000000
 0.000000
 0.000000
 0.000000
 0.185332
 0.000000
 0.000000
 0.000000
 0.000000
 0.000000
 0.185332
 0.000000
 0.000000
 0.000000
 0.000000
 0.000000
 0.185332
 0.000000
 0.000000
 0.000000
 0.000000
 0.000000
 0.185332
 0.000000
 0.000000
 0.000000
 0.000000
 0.000000
 0.185332
 0.000000
 0.000000
 0.000000
 0.000000
 0.000000
 0.185332
 0.000000
 0.000000
 0.000000
 0.000000
 0.000000
 0.185332
 0.000000
 0.000000
 0.000000
 0.000000
 0.000000
 0.185332
 0.000000
 0.000000
 0.000000
 0.000000
 0.000000
 0.185332
 0.000000
 0.133502
 0.000000
 0.166061
 0.000000
 0.000000
 0.134049
 0.645271
 0.000000
 0.618282
 0.000000
 0.000000
 0.459074
 0.914086
 0.000000
 0.362942
 0.786215
 0.000000
 0.000000
 0.366435
 0.000000
 0.357585
 1.171004
 0.000000
 0.000000
 0.062992
 0.000000
 0.065858
 0.252186
 0.000000
 0.000000
 0.000000
 0.000000
 0.000000
 0.000000
 0.185332
 0.000000
 0.000000
 0.000000
 0.000000
 0.000000
 0.185332
 0.000000
 0.000000
 0.000000
 0.000000
 0.000000
 0.185332
 0.000000
 0.057699
 0.000000
 0.287405
 0.000000
 0.000000
 0.236911
 0.338174
 0.019828
 1.268645
 0.000000
 0.000000
 1.074752
 0.896286
 0.020885
 0.687591
 0.357133
 0.000000
 0.015709
 0.413846
 0.098845
 0.625845
 1.255080
 0.000000
 0.000000
 0.028879
 0.125247
 0.219902
 0.311931
 0.000000
 0.000000
 0.000000
 0.000000
 0.000000
 0.000000
 0.185332
 0.000000
 0.000000
 0.000000
 0.000000
 0.000000
 0.185332
 0.000000
 0.000000
 0.000000
 0.000000
 0.000000
 0.185332
 0.000000
 0.000000
 0.000000
 0.000000
 0.000000
 0.185332
 0.000000
 0.000000
 0.000000
 0.000000
 0.000000
 0.185332
 0.000000
 0.000000
 0.000000
 0.000000
 0.000000
 0.185332
 0.000000
 0.000000
 0.000000
 0.000000
 0.000000
 0.185332
 0.000000
 0.000000
 0.000000
 0.000000
 0.000000
 0.185332
 0.000000
 0.000000
 0.000000
 0.000000
 0.000000
 0.185332
 0.000000
 0.000000
 0.000000
 0.000000
 0.000000
 0.185332
 0.000000
 0.000000
 0.000000
 0.000000
 0.000000
 0.185332
 0.000000
 0.000000
 0.000000
 0.000000
 0.000000
 0.185332
 0.000000
 0.000000
 0.000000
 0.000000
 0.000000
 0.185332
 0.000000
 0.190518
 0.000000
 0.413198
 0.000000
 0.000000
 0.359924
 0.637941
 0.000000
 1.148636
 0.000000
 0.000000
 0.857709
 1.044108
 0.000000
 0.586914
 0.819038
 0.000000
 0.000000
 0.355441
 0.000000
 0.598422
 1.297042
 0.000000
 0.000000
 0.005826
 0.000000
 0.152724
 0.322356
 0.000000
 0.000000
 0.000000
 0.000000
 0.000000
 0.000000
 0.185332
 0.000000
 0.000000
 0.000000
 0.000000
 0.000000
 0.185332
 0.000000
 0.000000
 0.000000
 0.000000
 0.000000
 0.185332
 0.000000
 0.209358
 0.000000
 0.461907
 0.000000
 0.000000
 0.399264
 0.576812
 0.000000
 1.292957
 0.000000
 0.000000
 0.987507
 0.933544
 0.000000
 0.568340
 0.808430
 0.000000
 0.000000
 0.239436
 0.153397
 0.609708
 1.119130
 0.000000
 0.000000
 0.000000
 0.144584
 0.133624
 0.139888
 0.032966
 0.000000
 0.000000
 0.000000
 0.000000
 0.000000
 0.185332
 0.000000
 0.000000
 0.000000
 0.000000
 0.000000
 0.185332
 0.000000
 0.000000
 0.000000
 0.000000
 0.000000
 0.185332
 0.000000
 0.000000
 0.000000
 0.000000
 0.000000
 0.185332
 0.000000
 0.000000
 0.000000
 0.000000
 0.000000
 0.185332
 0.000000
 0.000000
 0.000000
 0.000000
 0.000000
 0.185332
 0.000000
 0.000000
 0.000000
 0.000000
 0.000000
 0.185332
 0.000000
 0.000000
 0.000000
 0.000000
 0.000000
 0.185332
 0.000000
 0.000000
 0.000000
 0.000000
 0.000000
 0.185332
 0.000000
 0.000000
 0.000000
 0.000000
 0.000000
 0.185332
 0.000000
 0.000000
 0.000000
 0.000000
 0.000000
 0.185332
 0.000000
 0.000000
 0.000000
 0.000000
 0.000000
 0.185332
 0.000000
 0.009685
 0.000000
 0.011982
 0.000000
 0.144141
 0.000000
 0.256937
 0.000000
 0.719652
 0.000000
 0.000000
 0.630770
 0.661571
 0.000000
 1.243835
 0.000000
 0.000000
 0.847243
 0.773615
 0.007138
 0.698847
 0.902745
 0.000000
 0.000000
 0.159961
 0.307151
 0.587779
 0.965723
 0.000000
 0.000000
 0.000000
 0.153196
 0.137269
 0.140534
 0.031374
 0.000000
 0.000000
 0.000000
 0.000000
 0.000000
 0.185332
 0.000000
 0.000000
 0.000000
 0.000000
 0.000000
 0.185332
 0.000000
 0.000000
 0.000000
 0.000000
 0.000000
 0.185332
 0.000000
 0.202721
 0.000000
 0.711697
 0.000000
 0.000000
 0.639005
 0.679061
 0.000000
 1.294082
 0.000000
 0.000000
 0.886419
 0.876073
 0.000000
 0.587517
 1.256916
 0.000000
 0.000000
 0.185755
 0.120776
 0.574607
 1.063714
 0.000000
 0.000000
 0.002902
 0.077760
 0.042963
 0.008735
 0.179132
 0.000000
 0.000000
 0.000000
 0.000000
 0.000000
 0.185332
 0.000000
 0.000000
 0.000000
 0.000000
 0.000000
 0.185332
 0.000000
 0.000000
 0.000000
 0.000000
 0.000000
 0.185332
 0.000000
 0.000000
 0.000000
 0.000000
 0.000000
 0.185332
 0.000000
 0.000000
 0.000000
 0.000000
 0.000000
 0.185332
 0.000000
 0.000000
 0.000000
 0.000000
 0.000000
 0.185332
 0.000000
 0.000000
 0.000000
 0.000000
 0.000000
 0.185332
 0.000000
 0.000000
 0.000000
 0.000000
 0.000000
 0.185332
 0.000000
 0.000000
 0.000000
 0.000000
 0.000000
 0.185332
 0.000000
 0.000000
 0.000000
 0.000000
 0.000000
 0.185332
 0.000000
 0.000000
 0.000000
 0.000000
 0.000000
 0.185332
 0.000000
 0.000000
 0.000000
 0.000000
 0.000000
 0.185332
 0.000000
 0.071478
 0.000000
 0.080832
 0.000000
 0.015307
 0.052939
 0.331662
 0.000000
 1.016823
 0.000000
 0.000000
 0.857391
 0.741740
 0.028795
 1.085994
 0.000000
 0.000000
 0.516880
 0.598593
 0.141199
 0.652918
 1.187458
 0.000000
 0.000000
 0.097238
 0.332859
 0.438590
 0.631061
 0.000000
 0.000000
 0.004754
 0.079364
 0.041673
 0.003788
 0.184960
 0.000000
 0.000000
 0.000000
 0.000000
 0.000000
 0.185332
 0.000000
 0.000000
 0.000000
 0.000000
 0.000000
 0.185332
 0.000000
 0.013765
 0.000000
 0.015370
 0.000000
 0.134635
 0.000000
 0.154670
 0.000000
 0.986408
 0.000000
 0.000000
 0.858948
 0.770280
 0.046554
 1.167633
 0.000000
 0.000000
 0.856526
 0.846108
 0.000000
 0.555038
 1.311540
 0.000000
 0.000000
 0.079552
 0.168280
 0.551770
 0.930313
 0.000000
 0.000000
 0.000000
 0.000046
 0.000271
 0.000000
 0.185708
 0.000000
 0.000000
 0.000000
 0.000000
 0.000000
 0.185332
 0.000000
 0.000000
 0.000000
 0.000000
 0.000000
 0.185332
 0.000000
 0.000000
 0.000000
 0.000000
 0.000000
 0.185332
 0.000000
 0.000000
 0.000000
 0.000000
 0.000000
 0.185332
 0.000000
 0.000000
 0.000000
 0.000000
 0.000000
 0.185332
 0.000000
 0.000000
 0.000000
 0.000000
 0.000000
 0.185332
 0.000000
 0.000000
 0.000000
 0.000000
 0.000000
 0.185332
 0.000000
 0.000000
 0.000000
 0.000000
 0.000000
 0.185332
 0.000000
 0.000000
 0.000000
 0.000000
 0.000000
 0.185332
 0.000000
 0.000000
 0.000000
 0.000000
 0.000000
 0.185332
 0.000000
 0.000000
 0.000000
 0.000000
 0.000000
 0.185332
 0.000000
 0.000000
 0.000000
 0.000000
 0.000000
 0.185332
 0.000000
 0.150085
 0.000000
 0.245270
 0.000000
 0.000000
 0.206097
 0.424314
 0.000000
 1.232034
 0.000000
 0.000000
 0.968997
 0.850099
 0.000000
 0.820055
 0.264920
 0.000000
 0.026509
 0.441853
 0.126361
 0.609207
 1.235448
 0.000000
 0.000000
 0.013721
 0.222542
 0.295073
 0.383311
 0.000000
 0.000000
 0.000000
 0.000000
 0.000000
 0.000000
 0.185520
 0.000000
 0.000000
 0.000000
 0.000000
 0.000000
 0.185332
 0.000000
 0.000000
 0.000000
 0.000000
 0.000000
 0.185332
 0.000000
 0.137838
 0.000000
 0.139985
 0.000000
 0.000000
 0.105722
 0.398545
 0.000000
 1.116529
 0.000000
 0.000000
 0.911525
 0.828005
 0.000000
 1.048188
 0.000000
 0.000000
 0.390601
 0.649120
 0.060079
 0.569911
 1.304146
 0.000000
 0.000000
 0.055032
 0.242281
 0.436633
 0.630394
 0.000000
 0.000000
 0.000000
 0.000000
 0.000000
 0.000000
 0.185332
 0.000000
 0.000000
 0.000000
 0.000000
 0.000000
 0.185332
 0.000000
 0.000000
 0.000000
 0.000000
 0.000000
 0.185332
 0.000000
 0.000000
 0.000000
 0.000000
 0.000000
 0.185332
 0.000000
 0.000000
 0.000000
 0.000000
 0.000000
 0.185332
 0.000000
 0.000000
 0.000000
 0.000000
 0.000000
 0.185332
 0.000000
 0.000000
 0.000000
 0.000000
 0.000000
 0.185332
 0.000000
 0.000000
 0.000000
 0.000000
 0.000000
 0.185332
 0.000000
 0.000000
 0.000000
 0.000000
 0.000000
 0.185332
 0.000000
 0.000000
 0.000000
 0.000000
 0.000000
 0.185332
 0.000000
 0.000000
 0.000000
 0.000000
 0.000000
 0.185332
 0.000000
 0.000000
 0.000000
 0.000000
 0.000000
 0.185332
 0.000000
 0.001524
 0.000000
 0.005206
 0.000000
 0.163152
 0.000000
 0.273255
 0.000000
 0.554598
 0.000000
 0.000000
 0.483259
 0.678905
 0.000000
 1.311343
 0.000000
 0.000000
 0.933288
 0.995773
 0.000000
 0.762821
 0.862296
 0.000000
 0.000000
 0.623016
 0.000000
 0.794093
 1.198976
 0.000000
 0.000000
 0.668734
 0.000000
 0.421591
 0.558921
 0.000000
 0.000000
 0.831491
 0.000000
 0.310507
 0.659277
 0.000000
 0.000000
 0.965073
 0.000000
 0.390728
 0.708275
 0.000000
 0.000000
 1.116800
 0.000000
 0.411237
 0.868319
 0.000000
 0.000000
 1.201554
 0.000000
 0.634952
 0.673499
 0.000000
 0.000000
 1.045372
 0.000000
 1.382710
 0.000000
 0.000000
 0.314823
 1.060297
 0.000000
 0.984365
 0.675678
 0.000000
 0.000000
 0.584113
 0.027592
 0.625779
 1.380410
 0.000000
 0.000000
 0.089446
 0.076715
 0.302125
 0.497889
 0.000000
 0.000000
 0.000000
 0.000000
 0.000000
 0.000000
 0.185332
 0.000000
 0.000000
 0.000000
 0.000000
 0.000000
 0.185332
 0.000000
 0.000000
 0.000000
 0.000000
 0.000000
 0.185332
 0.000000
 0.000000
 0.000000
 0.000000
 0.000000
 0.185332
 0.000000
 0.000000
 0.000000
 0.000000
 0.000000
 0.185332
 0.000000
 0.000000
 0.000000
 0.000000
 0.000000
 0.185332
 0.000000
 0.000000
 0.000000
 0.000000
 0.000000
 0.185332
 0.000000
 0.000000
 0.000000
 0.000000
 0.000000
 0.185332
 0.000000
 0.000000
 0.000000
 0.000000
 0.000000
 0.185332
 0.000000
 0.000000
 0.000000
 0.000000
 0.000000
 0.185332
 0.000000
 0.000000
 0.000000
 0.000000
 0.000000
 0.185332
 0.000000
 0.000000
 0.000000
 0.000000
 0.000000
 0.185332
 0.000000
 0.014920
 0.000000
 0.025772
 0.000000
 0.140090
 0.003023
 0.296535
 0.000000
 0.898261
 0.000000
 0.000000
 0.788641
 0.889991
 0.000000
 1.346331
 0.000000
 0.000000
 0.829353
 1.343722
 0.000000
 1.070850
 1.206113
 0.000000
 0.000000
 1.237326
 0.000000
 1.218569
 1.138313
 0.000000
 0.000000
 1.284233
 0.000000
 0.881739
 0.727662
 0.000000
 0.000000
 1.101182
 0.000000
 0.934309
 0.821676
 0.000000
 0.000000
 0.997333
 0.000000
 1.051932
 0.546402
 0.000000
 0.000000
 1.005100
 0.000000
 1.079562
 0.519234
 0.000000
 0.000000
 0.911462
 0.000000
 1.460687
 0.448874
 0.000000
 0.000000
 0.914669
 0.000000
 1.779823
 0.270181
 0.000000
 0.000000
 1.252731
 0.000000
 1.283357
 1.059944
 0.000000
 0.000000
 0.996077
 0.000000
 0.804959
 1.666783
 0.000000
 0.000000
 0.428275
 0.000000
 0.335920
 1.013815
 0.000000
 0.000000
 0.096082
 0.000000
 0.026232
 0.199285
 0.003935
 0.000000
 0.000000
 0.000000
 0.000000
 0.000000
 0.185332
 0.000000
 0.000000
 0.000000
 0.000000
 0.000000
 0.185332
 0.000000
 0.000000
 0.000000
 0.000000
 0.000000
 0.185332
 0.000000
 0.000000
 0.000000
 0.000000
 0.000000
 0.185332
 0.000000
 0.000000
 0.000000
 0.000000
 0.000000
 0.185332
 0.000000
 0.000000
 0.000000
 0.000000
 0.000000
 0.185332
 0.000000
 0.000000
 0.000000
 0.000000
 0.000000
 0.185332
 0.000000
 0.000000
 0.000000
 0.000000
 0.000000
 0.185332
 0.000000
 0.000000
 0.000000
 0.000000
 0.000000
 0.185332
 0.000000
 0.000000
 0.000000
 0.000000
 0.000000
 0.185332
 0.000000
 0.000000
 0.000000
 0.000000
 0.000000
 0.185332
 0.000000
 0.000000
 0.000000
 0.045846
 0.000000
 0.173479
 0.021670
 0.104508
 0.085070
 1.133998
 0.000000
 0.000000
 0.991939
 0.883036
 0.015274
 1.306372
 0.000000
 0.000000
 0.914782
 1.122253
 0.000000
 1.384873
 0.677601
 0.000000
 0.000000
 0.554031
 0.207248
 1.476125
 0.402723
 0.000000
 0.000000
 0.121968
 0.595342
 1.226243
 0.000000
 0.000000
 0.000000
 0.000000
 1.016551
 1.194034
 0.000000
 0.066499
 0.000000
 0.000000
 1.229616
 1.264198
 0.000000
 0.311345
 0.254481
 0.000000
 1.313334
 1.209144
 0.000000
 0.499073
 0.410809
 0.243147
 0.992006
 1.622928
 0.000000
 0.000000
 0.761527
 0.849868
 0.559718
 1.758600
 0.000000
 0.000000
 0.662073
 1.301539
 0.000000
 1.611387
 0.601029
 0.000000
 0.000000
 1.270031
 0.000000
 1.122738
 1.376283
 0.000000
 0.000000
 0.644678
 0.000000
 0.590346
 1.585449
 0.000000
 0.000000
 0.146718
 0.000000
 0.188356
 0.649344
 0.000000
 0.000000
 0.000000
 0.000000
 0.000000
 0.000000
 0.185332
 0.000000
 0.000000
 0.000000
 0.000000
 0.000000
 0.185332
 0.000000
 0.000000
 0.000000
 0.000000
 0.000000
 0.185332
 0.000000
 0.000000
 0.000000
 0.000000
 0.000000
 0.185332
 0.000000
 0.000000
 0.000000
 0.000000
 0.000000
 0.185332
 0.000000
 0.000000
 0.000000
 0.000000
 0.000000
 0.185332
 0.000000
 0.000000
 0.000000
 0.000000
 0.000000
 0.185332
 0.000000
 0.000000
 0.000000
 0.000000
 0.000000
 0.185332
 0.000000
 0.000000
 0.000000
 0.000000
 0.000000
 0.185332
 0.000000
 0.000000
 0.000000
 0.000000
 0.000000
 0.185332
 0.000000
 0.000000
 0.000000
 0.000000
 0.000000
 0.185332
 0.000000
 0.000000
 0.027785
 0.042195
 0.000000
 0.206366
 0.015633
 0.000000
 0.559346
 0.906308
 0.000000
 0.548935
 0.804349
 0.075353
 0.876878
 0.983108
 0.000000
 0.904864
 0.881065
 0.000000
 1.375764
 1.243136
 0.000000
 0.322674
 0.124314
 0.000000
 1.426953
 1.062660
 0.019825
 0.239079
 0.038647
 0.000000
 1.298754
 0.729331
 0.000000
 0.535831
 0.377366
 0.000000
 1.100472
 0.531957
 0.000000
 0.695426
 0.531342
 0.000000
 0.976742
 0.480310
 0.000000
 0.703768
 0.539509
 0.000000
 0.879130
 0.487033
 0.000000
 0.615207
 0.560716
 0.253347
 0.585403
 1.252530
 0.000000
 0.016320
 1.265375
 0.937314
 0.319608
 1.410451
 0.000000
 0.000000
 0.991771
 0.772062
 0.469094
 1.622075
 0.324124
 0.000000
 0.000000
 0.521521
 0.506966
 1.200196
 0.376091
 0.000000
 0.000000
 0.229454
 0.483444
 0.588694
 0.788183
 0.000000
 0.000000
 0.000000
 0.193941
 0.351845
 0.561631
 0.000000
 0.000000
 0.000000
 0.000000
 0.000000
 0.000000
 0.185332
 0.000000
 0.000000
 0.000000
 0.000000
 0.000000
 0.185332
 0.000000
 0.000000
 0.000000
 0.000000
 0.000000
 0.185332
 0.000000
 0.000000
 0.000000
 0.000000
 0.000000
 0.185332
 0.000000
 0.000000
 0.000000
 0.000000
 0.000000
 0.185332
 0.000000
 0.000000
 0.000000
 0.000000
 0.000000
 0.185332
 0.000000
 0.000000
 0.000000
 0.000000
 0.000000
 0.185332
 0.000000
 0.000000
 0.000000
 0.000000
 0.000000
 0.185332
 0.000000
 0.000000
 0.000000
 0.000000
 0.000000
 0.185332
 0.000000
 0.000000
 0.000000
 0.000000
 0.000000
 0.185332
 0.000000
 0.000000
 0.000000
 0.000000
 0.000000
 0.185332
 0.000000
 0.000000
 0.012096
 0.014215
 0.000000
 0.195156
 0.000000
 0.000000
 0.495069
 0.476857
 0.000000
 0.468852
 0.383277
 0.000000
 0.861375
 0.480279
 0.000000
 0.826562
 0.668201
 0.003181
 0.941084
 0.362451
 0.000000
 0.686202
 0.452152
 0.065365
 0.586106
 0.212204
 0.000000
 0.366285
 0.154178
 0.031980
 0.201679
 0.077795
 0.000000
 0.230598
 0.023620
 0.000000
 0.027021
 0.013642
 0.000000
 0.187401
 0.000000
 0.000000
 0.000000
 0.000000
 0.000000
 0.185332
 0.000000
 0.136350
 0.000000
 0.153588
 0.000000
 0.000000
 0.120383
 0.356685
 0.000000
 1.200432
 0.000000
 0.000000
 0.969051
 0.863949
 0.006594
 1.190377
 0.000000
 0.000000
 0.528158
 0.433705
 0.634692
 1.209816
 0.800215
 0.000000
 0.000000
 0.000000
 1.032487
 0.938234
 0.229554
 0.012038
 0.000000
 0.145892
 0.672504
 0.197518
 0.044686
 0.393498
 0.103629
 0.016646
 0.315029
 0.194974
 0.088034
 0.099531
 0.000000
 0.000000
 0.000000
 0.000000
 0.000000
 0.185332
 0.000000
 0.000000
 0.000000
 0.000000
 0.000000
 0.185332
 0.000000
 0.000000
 0.000000
 0.000000
 0.000000
 0.185332
 0.000000
 0.000000
 0.000000
 0.000000
 0.000000
 0.185332
 0.000000
 0.000000
 0.000000
 0.000000
 0.000000
 0.185332
 0.000000
 0.000000
 0.000000
 0.000000
 0.000000
 0.185332
 0.000000
 0.000000
 0.000000
 0.000000
 0.000000
 0.185332
 0.000000
 0.000000
 0.000000
 0.000000
 0.000000
 0.185332
 0.000000
 0.000000
 0.000000
 0.000000
 0.000000
 0.185332
 0.000000
 0.000000
 0.000000
 0.000000
 0.000000
 0.185332
 0.000000
 0.000000
 0.000000
 0.000000
 0.000000
 0.185332
 0.000000
 0.000000
 0.000000
 0.000000
 0.000000
 0.185332
 0.000000
 0.000000
 0.025629
 0.026902
 0.000000
 0.202525
 0.000358
 0.000000
 0.055202
 0.031276
 0.000000
 0.229240
 0.024296
 0.004134
 0.041454
 0.002450
 0.000000
 0.214681
 0.000643
 0.000000
 0.021026
 0.010671
 0.000000
 0.187025
 0.000000
 0.000000
 0.000000
 0.000000
 0.000000
 0.185332
 0.000000
 0.000000
 0.000000
 0.000000
 0.000000
 0.185332
 0.000000
 0.000000
 0.000000
 0.000000
 0.000000
 0.185332
 0.000000
 0.147776
 0.000000
 0.348482
 0.000000
 0.000000
 0.305733
 0.446460
 0.000000
 1.278814
 0.000000
 0.000000
 0.963973
 0.808029
 0.099110
 1.018457
 0.237299
 0.000000
 0.051998
 0.456378
 0.276021
 0.714384
 1.180500
 0.000000
 0.000000
 0.000000
 0.405666
 0.419650
 0.376961
 0.000000
 0.000000
 0.021275
 0.117298
 0.020679
 0.000000
 0.247281
 0.029409
 0.001320
 0.049499
 0.024785
 0.000000
 0.188812
 0.000000
 0.000000
 0.000000
 0.000000
 0.000000
 0.185332
 0.000000
 0.000000
 0.000000
 0.000000
 0.000000
 0.185332
 0.000000
 0.000000
 0.000000
 0.000000
 0.000000
 0.185332
 0.000000
 0.000000
 0.000000
 0.000000
 0.000000
 0.185332
 0.000000
 0.000000
 0.000000
 0.000000
 0.000000
 0.185332
 0.000000
 0.000000
 0.000000
 0.000000
 0.000000
 0.185332
 0.000000
 0.000000
 0.000000
 0.000000
 0.000000
 0.185332
 0.000000
 0.000000
 0.000000
 0.000000
 0.000000
 0.185332
 0.000000
 0.000000
 0.000000
 0.000000
 0.000000
 0.185332
 0.000000
 0.000000
 0.000000
 0.000000
 0.000000
 0.185332
 0.000000
 0.000000
 0.000000
 0.000000
 0.000000
 0.185332
 0.000000
 0.000000
 0.000000
 0.000000
 0.000000
 0.185332
 0.000000
 0.000000
 0.000000
 0.000000
 0.000000
 0.185332
 0.000000
 0.000000
 0.000000
 0.000000
 0.000000
 0.185332
 0.000000
 0.000000
 0.000000
 0.000000
 0.000000
 0.185332
 0.000000
 0.000000
 0.000000
 0.000000
 0.000000
 0.185332
 0.000000
 0.000000
 0.000000
 0.000000
 0.000000
 0.185332
 0.000000
 0.000000
 0.000000
 0.000000
 0.000000
 0.185332
 0.000000
 0.000000
 0.000000
 0.000000
 0.000000
 0.185332
 0.000000
 0.053714
 0.002553
 0.528724
 0.000000
 0.000000
 0.458478
 0.479272
 0.032728
 1.287545
 0.000000
 0.000000
 1.051551
 0.892778
 0.077671
 0.819888
 0.604222
 0.000000
 0.000000
 0.421317
 0.098092
 0.620733
 1.264821
 0.000000
 0.000000
 0.047584
 0.109713
 0.207089
 0.292278
 0.000000
 0.000000
 0.000000
 0.000000
 0.000000
 0.000000
 0.185332
 0.000000
 0.000000
 0.000000
 0.000000
 0.000000
 0.185332
 0.000000
 0.000000
 0.000000
 0.000000
 0.000000
 0.185332
 0.000000
 0.000000
 0.000000
 0.000000
 0.000000
 0.185332
 0.000000
 0.000000
 0.000000
 0.000000
 0.000000
 0.185332
 0.000000
 0.000000
 0.000000
 0.000000
 0.000000
 0.185332
 0.000000
 0.000000
 0.000000
 0.000000
 0.000000
 0.185332
 0.000000
 0.000000
 0.000000
 0.000000
 0.000000
 0.185332
 0.000000
 0.000000
 0.000000
 0.000000
 0.000000
 0.185332
 0.000000
 0.000000
 0.000000
 0.000000
 0.000000
 0.185332
 0.000000
 0.000000
 0.000000
 0.000000
 0.000000
 0.185332
 0.000000
 0.000000
 0.000000
 0.000000
 0.000000
 0.185332
 0.000000
 0.000000
 0.000000
 0.000000
 0.000000
 0.185332
 0.000000
 0.000000
 0.000000
 0.000000
 0.000000
 0.185332
 0.000000
 0.000000
 0.000000
 0.000000
 0.000000
 0.185332
 0.000000
 0.000000
 0.000000
 0.000000
 0.000000
 0.185332
 0.000000
 0.000000
 0.000000
 0.000000
 0.000000
 0.185332
 0.000000
 0.000000
 0.000000
 0.000000
 0.000000
 0.185332
 0.000000
 0.000000
 0.000000
 0.000000
 0.000000
 0.185332
 0.000000
 0.000000
 0.000000
 0.000000
 0.000000
 0.185332
 0.000000
 0.000000
 0.000000
 0.000000
 0.000000
 0.185332
 0.000000
 0.030063
 0.040897
 0.564669
 0.000000
 0.000000
 0.487743
 0.487399
 0.057682
 1.282587
 0.000000
 0.000000
 1.072257
 0.985334
 0.000000
 0.685195
 0.743471
 0.000000
 0.000000
 0.385408
 0.003555
 0.637407
 1.287855
 0.000000
 0.000000
 0.035266
 0.008129
 0.150480
 0.278375
 0.000000
 0.000000
 0.000000
 0.000000
 0.000000
 0.000000
 0.185332
 0.000000
 0.000000
 0.000000
 0.000000
 0.000000
 0.185332
 0.000000
 0.000000
 0.000000
 0.000000
 0.000000
 0.185332
 0.000000
 0.000000
 0.000000
 0.000000
 0.000000
 0.185332
 0.000000
 0.000000
 0.000000
 0.000000
 0.000000
 0.185332
 0.000000
 0.000000
 0.000000
 0.000000
 0.000000
 0.185332
 0.000000
 0.000000
 0.000000
 0.000000
 0.000000
 0.185332
 0.000000
 0.000000
 0.000000
 0.000000
 0.000000
 0.185332
 0.000000
 0.000000
 0.000000
 0.000000
 0.000000
 0.185332
 0.000000
 0.000000
 0.000000
 0.000000
 0.000000
 0.185332
 0.000000
 0.000000
 0.000000
 0.000000
 0.000000
 0.185332
 0.000000
 0.000000
 0.000000
 0.000000
 0.000000
 0.185332
 0.000000
 0.000000
 0.000000
 0.000000
 0.000000
 0.185332
 0.000000
 0.000000
 0.000000
 0.000000
 0.000000
 0.185332
 0.000000
 0.000000
 0.000000
 0.000000
 0.000000
 0.185332
 0.000000
 0.000000
 0.000000
 0.000000
 0.000000
 0.185332
 0.000000
 0.000000
 0.000000
 0.000000
 0.000000
 0.185332
 0.000000
 0.000000
 0.000000
 0.000000
 0.000000
 0.185332
 0.000000
 0.000000
 0.000000
 0.000000
 0.000000
 0.185332
 0.000000
 0.000000
 0.000000
 0.000000
 0.000000
 0.185332
 0.000000
 0.000000
 0.000000
 0.000000
 0.000000
 0.185332
 0.000000
 0.108946
 0.000000
 0.630174
 0.000000
 0.000000
 0.545382
 0.620339
 0.000000
 1.300023
 0.000000
 0.000000
 1.055625
 1.113211
 0.000000
 0.734688
 0.864867
 0.000000
 0.000000
 0.472123
 0.000000
 0.650429
 1.379562
 0.000000
 0.000000
 0.076937
 0.000000
 0.158027
 0.361300
 0.000000
 0.000000
 0.000000
 0.000000
 0.000000
 0.000000
 0.185332
 0.000000
 0.000000
 0.000000
 0.000000
 0.000000
 0.185332
 0.000000
 0.000000
 0.000000
 0.000000
 0.000000
 0.185332
 0.000000
 0.000000
 0.000000
 0.000000
 0.000000
 0.185332
 0.000000
 0.000000
 0.000000
 0.000000
 0.000000
 0.185332
 0.000000
 0.000000
 0.000000
 0.000000
 0.000000
 0.185332
 0.000000
 0.000000
 0.000000
 0.000000
 0.000000
 0.185332
 0.000000
 0.000000
 0.000000
 0.000000
 0.000000
 0.185332
 0.000000
 0.000000
 0.000000
 0.000000
 0.000000
 0.185332
 0.000000
 0.000000
 0.000000
 0.000000
 0.000000
 0.185332
 0.000000
 0.000000
 0.000000
 0.000000
 0.000000
 0.185332
 0.000000
 0.000000
 0.000000
 0.000000
 0.000000
 0.185332
 0.000000
 0.000000
 0.000000
 0.000000
 0.000000
 0.185332
 0.000000
 0.000000
 0.000000
 0.000000
 0.000000
 0.185332
 0.000000
 0.000000
 0.000000
 0.000000
 0.000000
 0.185332
 0.000000
 0.000000
 0.000000
 0.000000
 0.000000
 0.185332
 0.000000
 0.000000
 0.000000
 0.000000
 0.000000
 0.185332
 0.000000
 0.000000
 0.000000
 0.000000
 0.000000
 0.185332
 0.000000
 0.000000
 0.000000
 0.000000
 0.000000
 0.185332
 0.000000
 0.000000
 0.000000
 0.000000
 0.000000
 0.185332
 0.000000
 0.000000
 0.000000
 0.000000
 0.000000
 0.185332
 0.000000
 0.147465
 0.000000
 0.740400
 0.000000
 0.000000
 0.656560
 0.695551
 0.000000
 1.326278
 0.000000
 0.000000
 0.987368
 1.077909
 0.000000
 0.864307
 0.927788
 0.000000
 0.000000
 0.463191
 0.000000
 0.661578
 1.352033
 0.000000
 0.000000
 0.031807
 0.000000
 0.206906
 0.421138
 0.000000
 0.000000
 0.000000
 0.000000
 0.000000
 0.000000
 0.185332
 0.000000
 0.000000
 0.000000
 0.000000
 0.000000
 0.185332
 0.000000
 0.000000
 0.000000
 0.000000
 0.000000
 0.185332
 0.000000
 0.000000
 0.000000
 0.000000
 0.000000
 0.185332
 0.000000
 0.000000
 0.000000
 0.000000
 0.000000
 0.185332
 0.000000
 0.000000
 0.000000
 0.000000
 0.000000
 0.185332
 0.000000
 0.000000
 0.000000
 0.000000
 0.000000
 0.185332
 0.000000
 0.000000
 0.000000
 0.000000
 0.000000
 0.185332
 0.000000
 0.000000
 0.000000
 0.000000
 0.000000
 0.185332
 0.000000
 0.000000
 0.000000
 0.000000
 0.000000
 0.185332
 0.000000
 0.000000
 0.000000
 0.000000
 0.000000
 0.185332
 0.000000
 0.000000
 0.000000
 0.000000
 0.000000
 0.185332
 0.000000
 0.000000
 0.000000
 0.000000
 0.000000
 0.185332
 0.000000
 0.000000
 0.000000
 0.000000
 0.000000
 0.185332
 0.000000
 0.000000
 0.000000
 0.000000
 0.000000
 0.185332
 0.000000
 0.000000
 0.000000
 0.000000
 0.000000
 0.185332
 0.000000
 0.000000
 0.000000
 0.000000
 0.000000
 0.185332
 0.000000
 0.000000
 0.000000
 0.000000
 0.000000
 0.185332
 0.000000
 0.000000
 0.000000
 0.000000
 0.000000
 0.185332
 0.000000
 0.000000
 0.000000
 0.000000
 0.000000
 0.185332
 0.000000
 0.000000
 0.000000
 0.000000
 0.000000
 0.185332
 0.000000
 0.000000
 0.172670
 0.803134
 0.000000
 0.095709
 0.706876
 0.462577
 0.279827
 1.206442
 0.000000
 0.036173
 0.987834
 0.667093
 0.393792
 0.852678
 0.635018
 0.000000
 0.000000
 0.217096
 0.299511
 0.598555
 1.001236
 0.000000
 0.000000
 0.000000
 0.180577
 0.189821
 0.223729
 0.000000
 0.000000
 0.000000
 0.000000
 0.000000
 0.000000
 0.185332
 0.000000
 0.000000
 0.000000
 0.000000
 0.000000
 0.185332
 0.000000
 0.000000
 0.000000
 0.000000
 0.000000
 0.185332
 0.000000
 0.000000
 0.000000
 0.000000
 0.000000
 0.185332
 0.000000
 0.000000
 0.000000
 0.000000
 0.000000
 0.185332
 0.000000
 0.000000
 0.000000
 0.000000
 0.000000
 0.185332
 0.000000
 0.000000
 0.000000
 0.000000
 0.000000
 0.185332
 0.000000
 0.000000
 0.000000
 0.000000
 0.000000
 0.185332
 0.000000
 0.000000
 0.000000
 0.000000
 0.000000
 0.185332
 0.000000
 0.000000
 0.000000
 0.000000
 0.000000
 0.185332
 0.000000
 0.000000
 0.000000
 0.000000
 0.000000
 0.185332
 0.000000
 0.000000
 0.000000
 0.000000
 0.000000
 0.185332
 0.000000
 0.000000
 0.000000
 0.000000
 0.000000
 0.185332
 0.000000
 0.000000
 0.000000
 0.000000
 0.000000
 0.185332
 0.000000
 0.000000
 0.000000
 0.000000
 0.000000
 0.185332
 0.000000
 0.000000
 0.000000
 0.000000
 0.000000
 0.185332
 0.000000
 0.000000
 0.000000
 0.000000
 0.000000
 0.185332
 0.000000
 0.000000
 0.000000
 0.000000
 0.000000
 0.185332
 0.000000
 0.000000
 0.000000
 0.000000
 0.000000
 0.185332
 0.000000
 0.000000
 0.000000
 0.000000
 0.000000
 0.185332
 0.000000
 0.000000
 0.000000
 0.000000
 0.000000
 0.185332
 0.000000
 0.000000
 0.414398
 0.582135
 0.000000
 0.452541
 0.492995
 0.000000
 0.822468
 0.813529
 0.000000
 0.871805
 0.810546
 0.112840
 0.888585
 0.480663
 0.045108
 0.418952
 0.000000
 0.000000
 0.617589
 0.409773
 0.400453
 0.000000
 0.000000
 0.006156
 0.125395
 0.072830
 0.023114
 0.164941
 0.000000
 0.000000
 0.000000
 0.000000
 0.000000
 0.185332
 0.000000
 0.000000
 0.000000
 0.000000
 0.000000
 0.185332
 0.000000
 0.000000
 0.000000
 0.000000
 0.000000
 0.185332
 0.000000
 0.000000
 0.000000
 0.000000
 0.000000
 0.185332
 0.000000
 0.000000
 0.000000
 0.000000
 0.000000
 0.185332
 0.000000
 0.000000
 0.000000
 0.000000
 0.000000
 0.185332
 0.000000
 0.000000
 0.000000
 0.000000
 0.000000
 0.185332
 0.000000
 0.000000
 0.000000
 0.000000
 0.000000
 0.185332
 0.000000
 0.000000
 0.000000
 0.000000
 0.000000
 0.185332
 0.000000
 0.000000
 0.000000
 0.000000
 0.000000
 0.185332
 0.000000
 0.000000
 0.000000
 0.000000
 0.000000
 0.185332
 0.000000
 0.000000
 0.000000
 0.000000
 0.000000
 0.185332
 0.000000
 0.000000
 0.000000
 0.000000
 0.000000
 0.185332
 0.000000
 0.000000
 0.000000
 0.000000
 0.000000
 0.185332
 0.000000
 0.000000
 0.000000
 0.000000
 0.000000
 0.185332
 0.000000
 0.000000
 0.000000
 0.000000
 0.000000
 0.185332
 0.000000
 0.000000
 0.000000
 0.000000
 0.000000
 0.185332
 0.000000
 0.000000
 0.000000
 0.000000
 0.000000
 0.185332
 0.000000
 0.000000
 0.000000
 0.000000
 0.000000
 0.185332
 0.000000
 0.000000
 0.000000
 0.000000
 0.000000
 0.185332
 0.000000
 0.000000
 0.000000
 0.000000
 0.000000
 0.185332
 0.000000
 0.000000
 0.253437
 0.240458
 0.000000
 0.326558
 0.174226
 0.000000
 0.559832
 0.335896
 0.000000
 0.580567
 0.419305
 0.091188
 0.447292
 0.052537
 0.000000
 0.482525
 0.228054
 0.041097
 0.272480
 0.125122
 0.000000
 0.217459
 0.019375
 0.000000
 0.009038
 0.004728
 0.000000
 0.186273
 0.000000
 0.000000
 0.000000
 0.000000
 0.000000
 0.185332
 0.000000
 0.000000
 0.000000
 0.000000
 0.000000
 0.185332
 0.000000
 0.000000
 0.000000
 0.000000
 0.000000
 0.185332
 0.000000
 0.000000
 0.000000
 0.000000
 0.000000
 0.185332
 0.000000
 0.000000
 0.000000
 0.000000
 0.000000
 0.185332
 0.000000
 0.000000
 0.000000
 0.000000
 0.000000
 0.185332
 0.000000
 0.000000
 0.000000
 0.000000
 0.000000
 0.185332
 0.000000
 0.000000
 0.000000
 0.000000
 0.000000
 0.185332
 0.000000
 0.000000
 0.000000
 0.000000
 0.000000
 0.185332
 0.000000
 0.000000
 0.000000
 0.000000
 0.000000
 0.185332
 0.000000
 0.000000
 0.000000
 0.000000
 0.000000
 0.185332
 0.000000
 0.000000
 0.000000
 0.000000
 0.000000
 0.185332
 0.000000
 0.000000
 0.000000
 0.000000
 0.000000
 0.185332
 0.000000
 0.000000
 0.000000
 0.000000
 0.000000
 0.185332
 0.000000
 0.000000
 0.000000
 0.000000
 0.000000
 0.185332
 0.000000
 0.000000
 0.000000
 0.000000
 0.000000
 0.185332
 0.000000
 0.000000
 0.000000
 0.000000
 0.000000
 0.185332
 0.000000
 0.000000
 0.000000
 0.000000
 0.000000
 0.185332
 0.000000
 0.000000
 0.000000
 0.000000
 0.000000
 0.185332
 0.000000
 0.000000
 0.000000
 0.000000
 0.000000
 0.185332
 0.000000
 0.000000
 0.000000
 0.000000
 0.000000
 0.185332
 0.000000
 0.000000
 0.000000
 0.000000
 0.000000
 0.185332
 0.000000
 0.000000
 0.000000
 0.000000
 0.000000
 0.185332
 0.000000
 0.000000
 0.000000
 0.000000
 0.000000
 0.185332
 0.000000
 0.000000
 0.000000
 0.000000
 0.000000
 0.185332
 0.000000
 0.000000
 0.000000
 0.000000
 0.000000
 0.185332
 0.000000
 0.000000
 0.000000
 0.000000
 0.000000
 0.185332
 0.000000
 0.000000
 0.000000
 0.000000
 0.000000
 0.185332
 0.000000
 0.000000
 0.000000
 0.000000
 0.000000
 0.185332
 0.000000
 0.000000
 0.000000
 0.000000
 0.000000
 0.185332
 0.000000
 0.000000
 0.000000
 0.000000
 0.000000
 0.185332
 0.000000
 0.000000
 0.000000
 0.000000
 0.000000
 0.185332
 0.000000
 0.000000
 0.000000
 0.000000
 0.000000
 0.185332
 0.000000
 0.000000
 0.000000
 0.000000
 0.000000
 0.185332
 0.000000
 