0.000000
4.979753
4.805571
0.000000
0.000000
3.219135
0.850878
0.000000
2.709939
0.000000
0.000000
3.980246
0.000000
0.000000
1.202965
0.580831
2.809991
1.533858
5.410394
0.000000
0.000000
0.000000
8.398226
0.019759
0.000000
0.000000
3.703376
0.000000
0.000000
0.608497
1.841256
6.440973
3.829656
1.735848
2.404451
0.000000
2.316783
1.055166
4.835609
0.000000
0.286508
1.463941
0.000000
3.195488
0.000000
1.232927
0.610119
0.000000
0.000000
0.256989
0.199804
0.000000
4.271740
0.000000
3.215367
0.000000
2.683050
1.155280
0.000000
2.825430
