0.000000
0.000000
0.000000
0.000000
0.000000
0.074340
0.106712
0.000000
0.154489
0.000000
0.000000
0.000000
0.000000
0.000000
0.000000
0.000000
0.000000
0.000000
0.000000
0.000000
0.000000
0.657383
0.396387
0.000000
0.154489
0.000000
0.000000
0.000000
0.017321
0.338965
0.000000
0.691094
0.000000
0.000000
0.000000
0.000000
0.000000
0.349679
0.386521
0.000000
0.648561
0.154050
0.000000
0.000000
0.000000
0.000000
0.000000
0.804466
0.000000
0.000000
0.987624
0.813509
0.000000
0.000000
0.699287
0.000000
0.000000
0.080612
0.000000
0.000000
0.952506
1.130298
0.212759
0.568989
0.000000
0.000000
0.000000
0.742709
0.067911
0.000000
0.230683
0.000000
1.908311
0.455752
0.890369
0.056433
0.220912
0.000000
0.000000
1.039521
0.000000
0.000000
0.000000
0.000000
0.000000
0.074340
0.300942
0.000000
0.154489
0.000000
0.056547
0.000000
0.000000
0.573983
0.000000
0.000000
0.000000
0.000000
1.118431
1.642441
0.000000
0.000000
0.909644
0.000000
0.000000
0.000000
0.000000
0.239544
0.753422
1.493950
0.397675
0.742123
0.052519
0.000000
0.000000
0.253671
0.000000
0.000000
0.200067
0.000000
1.732171
0.649401
1.440048
0.000000
0.291234
0.564249
0.000000
0.883732
0.051954
0.000000
1.421249
2.019761
0.000000
0.000000
0.000000
0.000000
0.000000
0.088987
0.000000
0.189908
0.913646
1.886963
0.419708
0.595309
0.000000
0.000000
0.000000
0.186779
0.030335
0.000000
0.000000
0.019018
1.746333
0.556359
1.751588
0.212816
0.374957
0.000000
0.000000
0.000000
0.127088
0.011602
0.102884
0.000000
0.000000
0.070090
0.276445
0.139347
0.144973
0.000000
0.000000
0.189816
0.000000
1.322405
0.000000
0.000000
0.157469
0.645228
1.525200
1.608573
0.000000
0.000000
0.455543
1.356541
0.000000
0.542532
0.343965
0.716829
0.717891
1.519256
0.973947
0.520794
0.305086
0.314143
0.000000
0.000000
0.000000
0.000000
1.042257
1.980521
0.505081
0.992985
0.951676
1.067214
0.252772
1.228674
0.285014
0.512688
0.490169
0.745132
0.903462
1.478250
0.000000
0.000000
0.000000
0.383450
0.000000
0.759691
0.494650
1.267719
0.513904
1.217221
1.049974
1.247216
0.268935
0.000000
0.000000
0.000000
0.069828
0.000000
0.000000
0.000000
1.791502
1.090836
1.656924
0.386947
0.185127
0.000000
0.000000
0.127966
0.000000
0.000000
0.000000
0.000000
0.748114
1.281821
0.017279
0.000000
0.144812
0.000000
0.000000
0.000000
0.000000
0.223694
0.000000
0.000000
0.179128
0.000000
0.125521
0.000000
1.897542
1.962384
0.000000
0.259593
0.000000
0.000000
0.532676
0.000000
0.000000
0.000000
0.000000
0.185330
0.101052
0.000000
0.577517
0.000000
1.901394
0.851545
0.000000
0.103677
0.000000
0.000000
0.714488
0.000000
0.000000
2.059353
0.000000
0.260428
0.465706
0.407277
1.507790
0.000000
0.448814
0.437981
0.000000
0.484830
0.000000
0.000000
1.669167
0.000000
0.114652
0.411745
0.182916
0.580945
0.419632
0.000000
0.000000
0.000000
0.715518
0.000000
0.000000
0.528612
1.872451
0.280510
1.362354
0.000000
0.105226
0.055249
0.000000
0.000000
0.000000
0.000000
0.000000
0.000000
0.000000
0.462497
0.032907
0.000000
0.154489
0.000000
0.000000
0.000000
0.000000
0.000000
0.000000
0.000000
0.000000
0.000000
0.000000
0.000000
0.000000
0.980284
0.247168
0.000000
0.159741
0.000000
0.323382
0.000000
0.000000
0.025495
0.000000
0.403931
0.318596
0.000000
1.070742
0.000000
0.000000
0.199053
0.287266
0.023296
0.113988
0.062623
0.000000
0.080062
0.000000
1.858723
0.000000
0.000000
0.000000
0.000000
1.395286
2.059832
0.000000
0.000000
0.000000
0.449357
0.973403
0.735081
2.016245
0.000000
0.948307
0.000000
1.076560
0.526145
0.137830
0.000000
0.000000
0.000000
0.000000
0.188027
0.131019
0.029457
1.640833
0.570608
0.766926
0.000000
0.000000
0.000000
0.000000
0.295907
