 0.000000
 0.000000
 0.000000
 0.000000
 0.000000
 0.046875
 0.015625
 0.000000
 0.136719
 0.000000
 0.000000
 0.000000
 0.000000
 0.000000
 0.000000
 0.000000
 0.000000
 0.000000
 0.000000
 0.000000
 0.000000
 0.046875
 0.015625
 0.000000
 0.136719
 0.000000
 0.000000
 0.000000
 0.000000
 0.000000
 0.000000
 0.000000
 0.000000
 0.000000
 0.000000
 0.000000
 0.000000
 0.046875
 0.015625
 0.000000
 0.136719
 0.000000
 0.000000
 0.000000
 0.000000
 0.000000
 0.000000
 0.000000
 0.000000
 0.000000
 0.000000
 0.000000
 0.000000
 0.046875
 0.015625
 0.000000
 0.136719
 0.000000
 0.000000
 0.000000
 0.000000
 0.000000
 0.000000
 0.000000
 0.000000
 0.000000
 0.000000
 0.000000
 0.000000
 0.046875
 0.015625
 0.000000
 0.136719
 0.000000
 0.000000
 0.000000
 0.000000
 0.000000
 0.000000
 0.000000
 0.000000
 0.000000
 0.000000
 0.000000
 0.000000
 0.031250
 0.035156
 0.000000
 0.109375
 0.000000
 0.000000
 0.000000
 0.000000
 0.000000
 0.000000
 0.000000
 0.000000
 0.000000
 0.093750
 0.000000
 0.000000
 0.000000
 0.652344
 0.000000
 0.000000
 0.000000
 0.000000
 0.000000
 0.062500
 0.304688
 0.000000
 0.000000
 0.000000
 0.000000
 0.140625
 0.000000
 0.000000
 0.000000
 0.488281
 0.000000
 0.000000
 0.000000
 0.000000
 0.000000
 0.359375
 0.324219
 0.136719
 0.500000
 0.000000
 0.000000
 0.000000
 0.210938
 0.000000
 0.000000
 0.113281
 0.000000
 0.757812
 0.179688
 0.000000
 0.000000
 0.000000
 0.000000
 0.000000
 0.976562
 0.000000
 0.000000
 0.000000
 0.000000
 0.023438
 0.000000
 0.191406
 0.000000
 1.199219
 0.062500
 0.000000
 0.000000
 0.000000
 0.000000
 0.000000
 0.550781
 0.000000
 0.000000
 0.000000
 0.000000
 0.000000
 0.046875
 0.015625
 0.000000
 0.136719
 0.000000
 0.000000
 0.000000
 0.000000
 0.000000
 0.000000
 0.000000
 0.000000
 0.000000
 0.000000
 0.000000
 0.000000
 0.046875
 0.015625
 0.000000
 0.136719
 0.000000
 0.000000
 0.000000
 0.000000
 0.000000
 0.000000
 0.000000
 0.000000
 0.000000
 0.000000
 0.000000
 0.000000
 0.000000
 0.078125
 0.000000
 0.089844
 0.000000
 0.000000
 0.000000
 0.000000
 0.000000
 0.000000
 0.000000
 0.000000
 0.000000
 0.000000
 0.000000
 0.000000
 0.156250
 0.355469
 0.000000
 0.000000
 0.000000
 0.000000
 0.000000
 0.000000
 0.191406
 0.000000
 0.125000
 0.000000
 0.000000
 0.000000
 0.000000
 0.000000
 0.601562
 0.191406
 0.000000
 0.000000
 0.000000
 0.000000
 0.000000
 0.000000
 0.281250
 0.000000
 0.644531
 0.000000
 0.000000
 0.000000
 0.000000
 0.000000
 0.304688
 0.277344
 0.000000
 0.433594
 0.113281
 0.000000
 0.000000
 0.000000
 0.000000
 0.000000
 0.757812
 0.000000
 0.000000
 0.000000
 0.000000
 0.000000
 0.000000
 0.339844
 0.000000
 0.605469
 0.000000
 0.000000
 0.000000
 0.000000
 0.000000
 0.000000
 0.148438
 0.000000
 0.000000
 0.320312
 0.000000
 0.000000
 0.000000
 0.421875
 0.000000
 0.000000
 0.019531
 0.000000
 0.000000
 0.000000
 1.050781
 0.000000
 0.000000
 0.000000
 0.000000
 0.886719
 0.703125
 0.000000
 0.000000
 0.281250
 0.000000
 0.000000
 0.000000
 0.000000
 0.000000
 0.851562
 0.054688
 0.000000
 0.226562
 0.000000
 0.000000
 0.000000
 0.664062
 0.000000
 0.000000
 0.000000
 0.000000
 1.214844
 0.011719
 0.816406
 0.000000
 0.128906
 0.000000
 0.000000
 0.003906
 0.000000
 0.000000
 0.000000
 0.000000
 0.000000
 0.000000
 0.000000
 0.000000
 1.847656
 0.406250
 0.308594
 0.000000
 0.000000
 0.000000
 0.000000
 0.281250
 0.000000
 0.000000
 0.000000
 0.000000
 0.000000
 0.046875
 0.015625
 0.000000
 0.136719
 0.000000
 0.000000
 0.000000
 0.000000
 0.000000
 0.000000
 0.000000
 0.000000
 0.000000
 0.000000
 0.000000
 0.000000
 0.046875
 0.015625
 0.000000
 0.136719
 0.000000
 0.000000
 0.000000
 0.000000
 0.000000
 0.000000
 0.000000
 0.000000
 0.000000
 0.000000
 0.000000
 0.000000
 0.000000
 0.261719
 0.000000
 0.035156
 0.000000
 0.000000
 0.000000
 0.000000
 0.000000
 0.000000
 0.000000
 0.000000
 0.000000
 0.539062
 0.000000
 0.000000
 0.000000
 0.851562
 0.000000
 0.000000
 0.000000
 0.000000
 0.000000
 0.332031
 0.878906
 0.000000
 0.011719
 0.000000
 0.000000
 0.000000
 0.750000
 0.000000
 0.000000
 0.621094
 0.000000
 0.000000
 0.000000
 0.000000
 0.000000
 0.566406
 0.000000
 0.300781
 0.656250
 0.000000
 0.000000
 0.000000
 0.195312
 0.000000
 0.000000
 0.000000
 0.000000
 1.582031
 0.585938
 0.445312
 0.000000
 0.000000
 0.000000
 0.000000
 0.808594
 0.000000
 0.000000
 0.000000
 0.000000
 0.000000
 0.000000
 0.144531
 0.000000
 1.335938
 0.410156
 0.242188
 0.000000
 0.000000
 0.000000
 0.000000
 0.324219
 0.000000
 0.000000
 0.667969
 0.000000
 0.000000
 0.000000
 0.000000
 0.000000
 0.000000
 0.000000
 0.000000
 0.109375
 0.000000
 1.777344
 0.000000
 0.000000
 0.000000
 0.000000
 1.324219
 1.640625
 0.000000
 0.000000
 0.000000
 0.000000
 0.000000
 0.000000
 0.000000
 0.000000
 0.800781
 0.000000
 0.085938
 0.472656
 0.000000
 0.000000
 0.000000
 0.105469
 0.000000
 0.000000
 0.000000
 0.000000
 1.085938
 0.167969
 1.546875
 0.117188
 0.273438
 0.000000
 0.000000
 0.000000
 0.000000
 0.000000
 0.000000
 0.000000
 0.000000
 0.000000
 0.000000
 0.000000
 1.683594
 0.460938
 0.382812
 0.015625
 0.000000
 0.000000
 0.000000
 0.000000
 0.000000
 0.000000
 0.000000
 0.000000
 0.000000
 0.046875
 0.015625
 0.000000
 0.136719
 0.000000
 0.000000
 0.000000
 0.000000
 0.000000
 0.000000
 0.000000
 0.000000
 0.000000
 0.000000
 0.000000
 0.000000
 0.046875
 0.015625
 0.000000
 0.136719
 0.000000
 0.000000
 0.000000
 0.000000
 0.000000
 0.000000
 0.000000
 0.000000
 0.000000
 0.000000
 0.000000
 0.000000
 0.000000
 0.257812
 0.000000
 0.000000
 0.000000
 0.019531
 0.000000
 0.000000
 0.523438
 0.000000
 0.000000
 0.000000
 0.000000
 1.027344
 0.000000
 0.000000
 0.000000
 0.000000
 0.000000
 0.000000
 0.000000
 0.000000
 0.160156
 0.085938
 1.394531
 0.000000
 0.000000
 0.000000
 0.000000
 0.292969
 1.527344
 0.000000
 0.000000
 0.000000
 0.000000
 0.000000
 0.000000
 0.000000
 0.000000
 0.613281
 0.000000
 0.000000
 0.078125
 0.000000
 0.000000
 0.000000
 0.000000
 0.000000
 0.000000
 0.000000
 0.000000
 1.640625
 0.273438
 1.347656
 0.000000
 0.195312
 0.000000
 0.000000
 0.000000
 0.000000
 0.000000
 0.000000
 0.000000
 0.000000
 0.000000
 0.000000
 0.000000
 1.218750
 0.535156
 0.351562
 0.000000
 0.000000
 0.500000
 0.000000
 0.000000
 0.000000
 0.000000
 1.156250
 0.000000
 0.000000
 0.000000
 0.000000
 0.000000
 0.000000
 0.000000
 0.000000
 0.070312
 0.000000
 1.789062
 0.000000
 0.000000
 0.000000
 0.000000
 0.636719
 1.898438
 0.000000
 0.000000
 0.000000
 0.000000
 0.000000
 0.000000
 0.000000
 0.000000
 0.757812
 0.000000
 0.269531
 0.230469
 0.000000
 0.000000
 0.000000
 0.000000
 0.000000
 0.000000
 0.000000
 0.000000
 1.445312
 0.460938
 1.664062
 0.003906
 0.160156
 0.000000
 0.000000
 0.000000
 0.000000
 0.000000
 0.000000
 0.000000
 0.000000
 0.000000
 0.000000
 0.000000
 1.285156
 0.285156
 0.187500
 0.000000
 0.000000
 0.000000
 0.000000
 0.000000
 0.000000
 0.000000
 0.000000
 0.000000
 0.000000
 0.046875
 0.015625
 0.000000
 0.136719
 0.000000
 0.000000
 0.000000
 0.000000
 0.000000
 0.000000
 0.000000
 0.000000
 0.000000
 0.000000
 0.000000
 0.000000
 0.039062
 0.019531
 0.000000
 0.125000
 0.000000
 0.000000
 0.000000
 0.000000
 0.000000
 0.000000
 0.000000
 0.000000
 0.000000
 0.000000
 0.000000
 0.000000
 0.000000
 0.128906
 0.000000
 0.000000
 0.000000
 0.000000
 0.136719
 0.000000
 1.265625
 0.000000
 0.000000
 0.000000
 0.070312
 1.429688
 0.691406
 0.000000
 0.000000
 0.000000
 0.000000
 0.000000
 0.000000
 0.000000
 0.628906
 0.171875
 1.414062
 0.000000
 0.097656
 0.000000
 0.000000
 0.148438
 1.488281
 0.000000
 0.000000
 0.000000
 0.000000
 0.000000
 0.000000
 0.234375
 0.210938
 0.582031
 0.000000
 0.425781
 0.386719
 0.156250
 0.000000
 0.000000
 0.000000
 0.000000
 0.000000
 0.000000
 0.000000
 0.398438
 0.484375
 0.839844
 0.769531
 0.144531
 0.000000
 0.000000
 0.402344
 0.222656
 0.210938
 0.000000
 0.000000
 0.000000
 0.000000
 0.000000
 0.000000
 0.000000
 0.894531
 0.000000
 0.984375
 0.000000
 1.140625
 0.000000
 0.234375
 0.402344
 0.632812
 0.039062
 0.449219
 0.000000
 0.000000
 0.000000
 0.000000
 0.000000
 0.652344
 0.000000
 1.167969
 0.000000
 1.093750
 0.000000
 1.136719
 0.000000
 0.074219
 0.000000
 1.347656
 0.000000
 0.000000
 0.000000
 0.000000
 0.000000
 0.136719
 0.371094
 0.179688
 0.371094
 0.000000
 0.000000
 0.558594
 0.000000
 0.000000
 0.000000
 0.000000
 0.000000
 0.000000
 0.000000
 0.000000
 1.597656
 0.589844
 1.558594
 0.285156
 0.078125
 0.000000
 0.000000
 0.000000
 0.000000
 0.000000
 0.000000
 0.000000
 0.007812
 0.000000
 0.000000
 0.000000
 1.214844
 0.191406
 0.082031
 0.000000
 0.000000
 0.000000
 0.000000
 0.000000
 0.000000
 0.000000
 0.000000
 0.000000
 0.000000
 0.046875
 0.015625
 0.000000
 0.136719
 0.000000
 0.000000
 0.000000
 0.000000
 0.000000
 0.000000
 0.000000
 0.000000
 0.000000
 0.000000
 0.000000
 0.000000
 0.000000
 0.027344
 0.000000
 0.105469
 0.000000
 0.000000
 0.000000
 0.000000
 0.000000
 0.000000
 0.000000
 0.066406
 0.000000
 0.035156
 0.000000
 0.000000
 0.000000
 0.203125
 0.066406
 0.000000
 0.000000
 0.000000
 0.000000
 0.000000
 0.941406
 0.000000
 0.000000
 0.058594
 0.351562
 1.050781
 0.000000
 0.000000
 0.000000
 0.347656
 0.238281
 0.000000
 0.000000
 0.000000
 0.000000
 0.000000
 0.328125
 0.085938
 0.000000
 0.000000
 0.496094
 0.000000
 0.000000
 0.000000
 0.000000
 0.230469
 1.214844
 0.000000
 0.410156
 0.000000
 0.000000
 0.000000
 0.000000
 0.816406
 0.000000
 0.000000
 0.136719
 0.000000
 0.000000
 0.000000
 0.000000
 0.898438
 1.863281
 0.078125
 0.738281
 0.000000
 0.000000
 0.000000
 0.000000
 0.171875
 0.000000
 0.000000
 0.000000
 0.000000
 0.000000
 0.000000
 0.000000
 0.917969
 1.375000
 0.000000
 0.542969
 0.000000
 0.000000
 0.000000
 0.488281
 0.000000
 0.000000
 0.000000
 0.128906
 0.777344
 0.000000
 0.000000
 0.000000
 0.000000
 0.250000
 0.000000
 0.437500
 0.000000
 0.000000
 0.000000
 0.390625
 0.203125
 0.000000
 0.000000
 0.000000
 0.000000
 0.000000
 0.000000
 0.000000
 0.000000
 0.000000
 0.000000
 0.195312
 0.328125
 0.000000
 0.042969
 0.000000
 0.898438
 0.140625
 0.175781
 0.000000
 0.000000
 0.000000
 0.000000
 0.000000
 0.000000
 0.000000
 1.699219
 0.996094
 1.246094
 0.046875
 0.000000
 0.000000
 0.000000
 0.000000
 0.000000
 0.000000
 0.000000
 0.000000
 0.000000
 0.000000
 0.000000
 0.000000
 1.535156
 0.414062
 0.128906
 0.000000
 0.000000
 0.000000
 0.000000
 0.070312
 0.000000
 0.000000
 0.000000
 0.000000
 0.000000
 0.046875
 0.015625
 0.000000
 0.136719
 0.000000
 0.000000
 0.000000
 0.000000
 0.000000
 0.000000
 0.000000
 0.000000
 0.000000
 0.000000
 0.000000
 0.000000
 0.039062
 0.000000
 0.000000
 0.113281
 0.000000
 0.000000
 0.000000
 0.000000
 0.000000
 0.000000
 0.000000
 0.000000
 0.000000
 0.000000
 0.000000
 0.671875
 0.000000
 0.000000
 0.000000
 0.000000
 0.000000
 0.000000
 0.000000
 0.000000
 0.148438
 0.000000
 0.000000
 0.070312
 0.000000
 0.019531
 0.000000
 1.773438
 0.000000
 0.000000
 0.000000
 0.000000
 0.000000
 0.000000
 0.000000
 0.000000
 0.000000
 0.000000
 0.000000
 0.000000
 0.000000
 0.000000
 0.000000
 1.746094
 0.000000
 0.000000
 0.121094
 0.000000
 0.000000
 0.000000
 0.000000
 0.000000
 0.000000
 0.000000
 0.000000
 0.000000
 0.000000
 0.000000
 0.000000
 1.765625
 0.000000
 0.000000
 0.000000
 0.000000
 0.000000
 0.000000
 0.000000
 0.000000
 0.000000
 0.000000
 0.000000
 0.000000
 0.000000
 0.445312
 0.000000
 1.031250
 0.000000
 0.000000
 0.000000
 0.000000
 0.000000
 0.000000
 0.000000
 0.000000
 1.019531
 0.000000
 0.000000
 0.339844
 0.265625
 1.375000
 0.000000
 0.300781
 0.000000
 0.000000
 0.000000
 0.000000
 0.000000
 0.000000
 0.000000
 0.000000
 0.269531
 0.000000
 0.000000
 0.074219
 0.039062
 0.000000
 0.000000
 0.000000
 0.000000
 0.000000
 0.332031
 0.000000
 0.000000
 0.304688
 0.000000
 0.000000
 0.000000
 0.023438
 0.000000
 0.000000
 0.000000
 0.000000
 0.000000
 0.000000
 0.000000
 0.000000
 0.441406
 1.757812
 0.128906
 1.261719
 0.000000
 0.000000
 0.000000
 0.000000
 0.000000
 0.000000
 0.000000
 0.000000
 0.000000
 0.000000
 0.000000
 0.000000
 0.089844
 1.203125
 0.226562
 0.000000
 0.000000
 0.000000
 0.000000
 0.000000
 0.000000
 0.000000
 0.000000
 0.000000
 0.000000
 0.000000
 0.046875
 0.015625
 0.000000
 0.136719
 0.000000
 0.000000
 0.000000
 0.000000
 0.000000
 0.000000
 0.000000
 0.000000
 0.000000
 0.000000
 0.000000
 0.000000
 0.066406
 0.000000
 0.000000
 0.113281
 0.000000
 0.000000
 0.000000
 0.000000
 0.000000
 0.000000
 0.000000
 0.000000
 0.000000
 0.000000
 0.000000
 0.101562
 1.207031
 0.000000
 0.000000
 0.000000
 0.000000
 0.000000
 0.000000
 0.000000
 0.000000
 0.000000
 0.000000
 0.000000
 0.000000
 0.000000
 0.000000
 0.664062
 1.855469
 0.000000
 0.000000
 0.000000
 0.000000
 0.078125
 0.000000
 0.000000
 0.000000
 0.000000
 0.000000
 0.000000
 0.000000
 0.000000
 0.000000
 0.000000
 1.531250
 0.000000
 0.000000
 0.000000
 0.000000
 0.437500
 0.000000
 0.000000
 0.000000
 0.000000
 0.082031
 0.000000
 0.000000
 0.000000
 0.000000
 0.000000
 0.472656
 0.000000
 0.000000
 0.000000
 0.000000
 0.625000
 0.000000
 0.000000
 0.457031
 0.000000
 0.000000
 0.000000
 0.000000
 0.398438
 0.000000
 0.000000
 0.730469
 0.000000
 0.000000
 0.000000
 0.000000
 0.054688
 0.000000
 0.000000
 1.933594
 0.000000
 0.140625
 0.000000
 0.000000
 1.179688
 0.000000
 0.000000
 0.292969
 0.000000
 0.000000
 0.000000
 0.000000
 0.000000
 0.000000
 0.000000
 0.007812
 0.000000
 0.429688
 0.289062
 0.000000
 0.000000
 0.000000
 0.019531
 0.000000
 0.000000
 0.000000
 0.000000
 0.000000
 1.542969
 0.000000
 0.000000
 0.000000
 0.000000
 0.000000
 0.335938
 0.000000
 0.000000
 0.000000
 0.625000
 0.000000
 0.000000
 0.000000
 0.976562
 0.000000
 1.015625
 0.000000
 0.000000
 0.000000
 0.000000
 0.000000
 0.000000
 0.000000
 0.000000
 0.000000
 0.113281
 0.000000
 0.000000
 0.000000
 0.136719
 0.000000
 0.000000
 0.000000
 0.000000
 0.003906
 0.000000
 0.000000
 0.000000
 0.000000
 0.000000
 0.000000
 0.000000
 0.046875
 0.015625
 0.000000
 0.136719
 0.000000
 0.000000
 0.000000
 0.000000
 0.000000
 0.000000
 0.000000
 0.000000
 0.000000
 0.000000
 0.000000
 0.000000
 0.046875
 0.007812
 0.000000
 0.128906
 0.000000
 0.000000
 0.000000
 0.000000
 0.000000
 0.000000
 0.000000
 0.000000
 0.000000
 0.000000
 0.000000
 0.000000
 0.417969
 0.000000
 0.000000
 0.058594
 0.000000
 0.000000
 0.000000
 0.000000
 0.000000
 0.000000
 0.000000
 0.000000
 0.000000
 0.000000
 0.000000
 0.000000
 0.734375
 0.000000
 0.000000
 0.113281
 0.000000
 0.281250
 0.000000
 0.000000
 0.000000
 0.000000
 0.113281
 0.000000
 0.000000
 0.000000
 0.000000
 0.000000
 0.925781
 0.199219
 0.000000
 0.000000
 0.000000
 0.105469
 0.000000
 0.000000
 0.000000
 0.000000
 0.355469
 0.000000
 0.000000
 0.000000
 0.000000
 0.000000
 0.121094
 0.218750
 0.000000
 0.000000
 0.000000
 0.000000
 0.000000
 0.000000
 0.421875
 0.000000
 0.000000
 0.000000
 0.000000
 0.972656
 0.000000
 0.000000
 0.000000
 0.000000
 0.000000
 0.000000
 0.000000
 0.000000
 0.000000
 0.000000
 1.761719
 0.000000
 0.000000
 0.000000
 0.000000
 1.273438
 1.949219
 0.000000
 0.000000
 0.000000
 0.000000
 0.000000
 0.000000
 0.000000
 0.000000
 0.757812
 0.000000
 0.953125
 0.398438
 0.000000
 0.000000
 0.000000
 0.000000
 0.000000
 0.000000
 0.000000
 0.000000
 0.871094
 0.218750
 1.906250
 0.000000
 0.000000
 0.000000
 0.507812
 0.277344
 0.066406
 0.000000
 0.000000
 0.000000
 0.000000
 0.000000
 0.000000
 0.000000
 1.445312
 0.515625
 0.707031
 0.000000
 0.000000
 0.000000
 0.000000
 0.226562
 0.000000
 0.000000
 0.000000
 0.000000
 0.000000
 0.144531
 0.105469
 0.000000
 0.000000
 0.000000
 0.000000
 0.000000
 0.000000
 0.000000
 0.000000
 0.000000
 0.000000
 0.000000
 0.000000
 0.000000
 0.000000
 0.046875
 0.015625
 0.000000
 0.136719
 0.000000
 0.000000
 0.000000
 0.000000
 0.000000
 0.000000
 0.000000
 0.000000
 0.000000
 0.000000
 0.000000
 0.000000
 0.046875
 0.015625
 0.000000
 0.136719
 0.000000
 0.000000
 0.000000
 0.000000
 0.000000
 0.000000
 0.000000
 0.000000
 0.000000
 0.000000
 0.000000
 0.000000
 0.046875
 0.015625
 0.000000
 0.136719
 0.000000
 0.000000
 0.000000
 0.000000
 0.000000
 0.000000
 0.000000
 0.000000
 0.000000
 0.000000
 0.000000
 0.000000
 0.046875
 0.015625
 0.000000
 0.136719
 0.000000
 0.000000
 0.000000
 0.000000
 0.000000
 0.000000
 0.000000
 0.000000
 0.000000
 0.000000
 0.000000
 0.000000
 0.046875
 0.015625
 0.000000
 0.136719
 0.000000
 0.000000
 0.000000
 0.000000
 0.000000
 0.000000
 0.000000
 0.000000
 0.000000
 0.000000
 0.000000
 0.000000
 0.000000
 0.000000
 0.000000
 0.070312
 0.000000
 0.000000
 0.000000
 0.000000
 0.269531
 0.000000
 0.000000
 0.222656
 0.000000
 0.804688
 0.000000
 0.000000
 0.000000
 0.000000
 0.000000
 0.000000
 0.000000
 0.000000
 0.000000
 0.000000
 0.816406
 0.000000
 0.000000
 0.000000
 0.000000
 0.953125
 0.121094
 0.000000
 0.000000
 0.000000
 0.000000
 0.000000
 0.000000
 0.000000
 0.000000
 0.812500
 0.000000
 0.460938
 0.000000
 0.000000
 0.000000
 0.000000
 0.000000
 0.000000
 0.000000
 0.000000
 0.355469
 0.832031
 0.644531
 1.371094
 0.000000
 0.187500
 0.000000
 0.093750
 0.000000
 0.000000
 0.000000
 0.000000
 0.000000
 0.000000
 0.000000
 0.000000
 0.000000
 1.578125
 0.496094
 0.343750
 0.000000
 0.000000
 0.000000
 0.000000
 0.000000
 0.000000
 0.000000
 0.000000
 0.000000
 0.000000
 0.046875
 0.015625
 0.000000
 0.136719
 0.000000
 0.000000
 0.000000
 0.000000
 0.000000
 0.000000
 0.000000
 0.000000
 0.000000
 0.000000
 0.000000
 0.000000
 0.046875
 0.015625
 0.000000
 0.136719
 0.000000
 0.000000
 0.000000
 0.000000
 0.000000
 0.000000
 0.000000
 0.000000
 0.000000
 0.000000
 0.000000
 0.000000
 0.046875
 0.015625
 0.000000
 0.136719
 0.000000
 0.000000
 0.000000
 0.000000
 0.000000
 0.000000
 0.000000
 0.000000
 0.000000
 0.000000
 0.000000
 0.000000
 0.046875
 0.015625
 0.000000
 0.136719
 0.000000
 0.000000
 0.000000
 0.000000
 0.000000
 0.000000
 0.000000
 0.000000
 0.000000
 0.000000
 0.000000
 0.000000
 0.046875
 0.015625
 0.000000
 0.136719
 0.000000
 0.000000
 0.000000
 0.000000
 0.000000
 0.000000
 0.000000
 0.000000
 0.000000
 0.000000
 0.000000
 0.000000
 0.046875
 0.015625
 0.000000
 0.136719
 0.000000
 0.000000
 0.000000
 0.000000
 0.000000
 0.000000
 0.000000
 0.000000
 0.000000
 0.000000
 0.000000
 0.074219
 0.082031
 0.000000
 0.000000
 0.132812
 0.000000
 0.000000
 0.000000
 0.000000
 0.214844
 0.000000
 0.000000
 0.125000
 0.000000
 0.000000
 0.000000
 0.832031
 0.000000
 0.000000
 0.000000
 0.000000
 0.000000
 0.000000
 0.000000
 0.000000
 0.000000
 0.000000
 0.000000
 0.000000
 0.000000
 0.515625
 0.000000
 0.984375
 0.000000
 0.000000
 0.000000
 0.000000
 0.000000
 0.000000
 0.000000
 0.054688
 0.000000
 0.000000
 0.000000
 0.000000
 0.000000
 0.000000
 0.000000
 0.062500
 0.000000
 0.000000
 0.128906
 0.000000
 0.000000
 0.664062
 0.000000
 0.000000
 0.000000
 0.000000
 0.000000
 0.000000
 0.000000
 0.000000
 0.000000
 0.015625
 0.000000
 0.000000
 0.078125
 0.800781
 0.000000
 0.000000
 0.000000
 0.000000
 0.000000
 0.000000
 0.000000
 0.000000
 0.000000
 0.000000
 0.000000
 0.000000
 0.046875
 0.015625
 0.000000
 0.136719
 0.000000
 0.000000
 0.000000
 0.000000
 0.000000
 0.000000
 0.000000
 0.000000
 0.000000
 0.000000
 0.000000
 0.000000
 0.046875
 0.015625
 0.000000
 0.136719
 0.000000
 0.000000
 0.000000
 0.000000
 0.000000
 0.000000
 0.000000
