0.000000
0.000000
0.000000
0.000000
0.000000
0.000000
0.000000
0.055130
0.000000
0.000000
0.000000
0.000000
0.000000
0.000000
0.000000
0.055130
0.000000
0.000000
0.000000
0.000000
0.000000
0.000000
0.000000
0.055130
0.000000
0.000000
0.000000
0.000000
0.000000
0.000000
0.000000
0.055130
0.000000
0.000000
0.000000
0.000000
0.000000
0.000000
0.000000
0.055130
0.000000
0.000000
0.000000
0.000000
0.000000
0.000000
0.000000
0.055130
0.000000
0.000000
0.000000
0.000000
0.000000
0.000000
0.000000
0.055130
0.000000
0.000000
0.000000
0.000000
0.000000
0.000000
0.000000
0.055130
0.000000
0.000000
0.000000
0.000000
0.000000
0.000000
0.000000
0.055130
0.000000
0.000000
0.000000
0.000000
0.000000
0.000000
0.000000
0.055130
0.000000
0.000000
0.000000
0.000000
0.000000
0.000000
0.000000
0.055130
0.000000
0.000000
0.000000
0.000000
0.000000
0.000000
0.000000
0.055130
0.000000
0.000000
0.000000
0.000000
0.000000
0.000000
0.000000
0.055130
0.000000
0.000000
0.000000
0.000000
0.000000
0.000000
0.000000
0.055130
0.000000
0.000000
0.000000
0.000000
0.000000
0.000000
0.000000
0.055130
0.000000
0.000000
0.000000
0.000000
0.000000
0.000000
0.000000
0.055130
0.000000
0.000000
0.000000
0.000000
0.000000
0.000000
0.000000
0.055130
0.000000
0.000000
0.000000
0.000000
0.000000
0.000000
0.000000
0.055130
0.000000
0.000000
0.000000
0.000000
0.000000
0.000000
0.000000
0.055130
0.000000
0.000000
0.000000
0.000000
0.000000
0.000000
0.000000
0.055130
0.000000
0.000000
0.000000
0.000000
0.000000
0.000000
0.000000
0.055130
0.000000
0.000000
0.000000
0.000000
0.000000
0.000000
0.000000
0.055130
0.000000
0.000000
0.000000
0.000000
0.000000
0.000000
0.000000
0.055130
0.000000
0.000000
0.000000
0.000000
0.000000
0.000000
0.000000
0.055130
0.000000
0.000000
0.000000
0.000000
0.000000
0.000000
0.000000
0.055130
0.000000
0.000000
0.000000
0.000000
0.000000
0.000000
0.000000
0.055130
0.000000
0.000000
0.000000
0.000000
0.000000
0.000000
0.000000
0.055130
0.000000
0.000000
0.000000
0.000000
0.000000
0.000000
0.000000
0.055130
0.000000
0.000000
0.338134
0.000000
0.067813
0.225312
0.000000
0.055130
0.000000
0.297823
1.167415
0.000000
0.278252
0.000000
0.000000
0.055130
0.000000
0.328930
0.965112
0.000000
0.202724
0.000000
0.000000
0.055130
0.000000
0.000000
0.201631
0.000000
0.000000
0.000000
0.000000
0.055130
0.000000
0.000000
0.000000
0.000000
0.000000
0.000000
0.000000
0.055130
0.000000
0.000000
0.000000
0.000000
0.000000
0.000000
0.000000
0.055130
0.000000
0.000000
0.000000
0.000000
0.000000
0.000000
0.000000
0.055130
0.000000
0.000000
0.000000
0.000000
0.000000
0.000000
0.000000
0.055130
0.000000
0.000000
0.000000
0.000000
0.000000
0.000000
0.000000
0.055130
0.000000
0.000000
0.000000
0.000000
0.000000
0.000000
0.000000
0.055130
0.000000
0.000000
0.000000
0.000000
0.000000
0.000000
0.000000
0.055130
0.000000
0.000000
0.000000
0.000000
0.000000
0.000000
0.000000
0.055130
0.000000
0.000000
0.000000
0.000000
0.000000
0.000000
0.000000
0.055130
0.545010
0.262939
0.287431
0.191401
0.733433
1.018203
0.000000
0.427779
0.749097
0.867933
1.331959
0.230161
0.684958
0.000000
0.383894
0.000000
0.427224
0.610994
1.680744
0.550533
0.293165
0.000000
0.614913
0.000000
0.438596
0.662569
1.704655
0.182964
0.334236
0.000000
0.448768
0.000000
0.435589
0.810334
1.383625
0.000000
0.442625
0.000000
0.249269
0.000000
0.428901
0.871905
1.383625
0.000000
0.455863
0.000000
0.285563
0.000000
0.455960
0.893338
1.383625
0.000000
0.436526
0.000000
0.274475
0.000000
0.368217
0.738249
1.510590
0.000000
0.396065
0.000000
0.684548
0.000000
0.178778
0.473647
1.183267
0.000000
0.000000
0.000000
0.570868
0.000000
0.000000
0.000000
0.000000
0.000000
0.000000
0.000000
0.000000
0.055130
0.000000
0.000000
0.000000
0.000000
0.000000
0.000000
0.000000
0.055130
0.000000
0.000000
0.000000
0.000000
0.000000
0.000000
0.000000
0.055130
0.000000
0.000000
0.000000
0.000000
0.000000
0.000000
0.000000
0.055130
0.220690
0.000000
0.000000
0.000000
0.188914
0.375860
0.000000
1.626966
0.000000
0.000000
0.000000
0.000000
0.000000
0.000000
0.000000
1.669276
0.206997
0.000000
0.000000
0.296769
0.000000
0.000000
0.000000
1.703785
0.536096
0.000000
0.000000
0.603310
0.000000
0.000000
0.000000
1.548025
0.627703
0.000000
0.000000
0.410367
0.000000
0.000000
0.000000
1.674664
0.668071
0.000000
0.000000
0.253490
0.000000
0.000000
0.000000
1.551334
0.680629
0.000000
0.000000
0.664221
0.078758
0.000000
0.000000
0.825325
0.335201
0.021522
0.000000
0.955724
0.737130
0.000000
0.617124
0.000000
0.141808
0.000000
0.357853
0.000000
0.000000
0.000000
1.185181
0.000000
0.000000
0.000000
0.000000
0.000000
0.000000
0.000000
0.000000
0.055130
0.000000
0.000000
0.000000
0.000000
0.000000
0.000000
0.000000
0.055130
0.000000
0.000000
0.000000
0.000000
0.000000
0.000000
0.000000
0.055130
0.000000
0.000000
0.000000
0.000000
0.000000
0.000000
0.000000
0.055130
0.000000
0.000000
0.000000
0.000000
0.000000
0.000000
0.000000
0.055130
0.000000
0.000000
0.000000
0.000000
0.000000
0.000000
0.000000
0.055130
0.000000
0.000000
0.000000
0.000000
0.000000
0.000000
0.000000
0.109181
0.000000
0.000000
0.000000
0.000000
0.000000
0.000000
0.000000
0.306379
0.000000
0.000000
0.000000
0.000000
0.000000
0.000000
0.000000
0.432903
0.000000
0.000000
0.000000
0.000000
0.000000
0.161499
0.000000
0.438871
0.568681
0.859047
0.000000
0.103612
1.100924
1.180104
0.000000
0.000000
0.747581
0.822344
0.000000
0.000000
0.835472
0.000000
0.904398
0.000000
0.000000
0.000000
0.000000
0.000000
0.000000
0.000000
0.657743
0.057157
0.000000
0.000000
0.000000
0.000000
0.000000
0.000000
0.000000
0.055130
0.000000
0.000000
0.000000
0.000000
0.000000
0.000000
0.000000
0.055130
0.000000
0.000000
0.000000
0.000000
0.000000
0.000000
0.000000
0.055130
0.000000
0.000000
0.000000
0.000000
0.000000
0.000000
0.000000
0.055130
0.000000
0.000000
0.000000
0.000000
0.000000
0.000000
0.000000
0.055130
0.000000
0.000000
0.000000
0.000000
0.000000
0.000000
0.000000
0.055130
0.000000
0.000000
0.000000
0.000000
0.000000
0.000000
0.000000
0.055130
0.000000
0.000000
0.000000
0.000000
0.000000
0.000000
0.000000
0.055130
0.000000
0.000000
0.000000
0.000000
0.000000
0.000000
0.000000
0.055130
0.000000
0.130762
0.000000
0.000000
0.701803
1.339574
0.000000
0.000000
0.896109
0.881735
0.000000
0.000000
1.035045
1.277781
0.000000
0.000000
0.277109
0.000000
0.000000
0.000000
0.000000
0.000000
0.750140
0.008626
0.000000
0.000000
0.000000
0.000000
0.000000
0.000000
0.000000
0.060085
0.000000
0.000000
0.000000
0.000000
0.000000
0.000000
0.000000
0.055130
0.000000
0.000000
0.000000
0.000000
0.000000
0.000000
0.000000
0.055130
0.000000
0.000000
0.000000
0.000000
0.000000
0.000000
0.000000
0.055130
0.000000
0.000000
0.000000
0.000000
0.000000
0.000000
0.000000
0.055130
0.000000
0.000000
0.000000
0.000000
0.000000
0.000000
0.000000
0.055130
0.000000
0.000000
0.000000
0.000000
0.000000
0.000000
0.000000
0.055130
0.000000
0.000000
0.000000
0.000000
0.000000
0.000000
0.000000
0.055130
0.000000
0.000000
0.000000
0.000000
0.000000
0.000000
0.000000
0.055130
0.000000
0.000000
0.000000
0.000000
0.000000
0.119252
0.000000
0.055130
0.516762
0.777936
0.000000
0.000000
1.086797
1.382823
0.000000
0.000000
0.728413
0.509937
0.000000
0.000000
0.562214
0.000000
0.789798
0.000000
0.000000
0.000000
0.000000
0.000000
0.000000
0.000000
0.643780
0.055693
0.000000
0.000000
0.000000
0.000000
0.000000
0.000000
0.000000
0.055130
0.000000
0.000000
0.000000
0.000000
0.000000
0.000000
0.000000
0.055130
0.000000
0.000000
0.000000
0.000000
0.000000
0.000000
0.000000
0.055130
0.000000
0.000000
0.000000
0.000000
0.000000
0.000000
0.000000
0.055130
0.000000
0.000000
0.000000
0.000000
0.000000
0.000000
0.000000
0.055130
0.000000
0.000000
0.000000
0.000000
0.000000
0.000000
0.000000
0.055130
0.000000
0.000000
0.000000
0.000000
0.000000
0.000000
0.000000
0.055130
0.000000
0.000000
0.000000
0.000000
0.000000
0.000000
0.000000
0.055130
0.000000
0.000000
0.000000
0.000000
0.000000
0.000000
0.000000
0.055130
0.006834
0.384358
0.000000
0.000000
0.885405
1.274278
0.000000
0.000000
0.860672
1.049460
0.000000
0.000000
1.026266
1.171613
0.000000
0.000000
0.117536
0.000000
0.000000
0.000000
0.000000
0.000000
0.756556
0.000000
0.000000
0.000000
0.000000
0.000000
0.000000
0.000000
0.000000
0.061661
0.000000
0.000000
0.000000
0.000000
0.000000
0.000000
0.000000
0.055130
0.000000
0.000000
0.000000
0.000000
0.000000
0.000000
0.000000
0.055130
0.000000
0.000000
0.000000
0.000000
0.000000
0.000000
0.000000
0.055130
0.000000
0.000000
0.000000
0.000000
0.000000
0.000000
0.000000
0.055130
0.000000
0.000000
0.000000
0.000000
0.000000
0.000000
0.000000
0.055130
0.000000
0.000000
0.000000
0.000000
0.000000
0.000000
0.000000
0.055130
0.000000
0.000000
0.000000
0.000000
0.000000
0.000000
0.000000
0.055130
0.000000
0.000000
0.000000
0.000000
0.000000
0.000000
0.000000
0.055130
0.000000
0.000000
0.036782
0.000000
0.375548
0.971252
0.000000
0.033630
0.976943
1.116775
0.000000
0.044173
1.121492
1.419792
0.000000
0.000000
0.850915
0.400826
0.000000
0.000000
0.207670
0.000000
0.667109
0.000000
0.000000
0.000000
0.000000
0.000000
0.000000
0.000000
0.499818
0.061548
0.000000
0.000000
0.000000
0.000000
0.000000
0.000000
0.000000
0.055130
0.000000
0.000000
0.000000
0.000000
0.000000
0.000000
0.000000
0.055130
0.000000
0.000000
0.000000
0.000000
0.000000
0.000000
0.000000
0.055130
0.000000
0.000000
0.000000
0.000000
0.000000
0.000000
0.000000
0.055130
0.000000
0.000000
0.000000
0.000000
0.000000
0.000000
0.000000
0.055130
0.000000
0.000000
0.000000
0.000000
0.000000
0.000000
0.000000
0.055130
0.000000
0.000000
0.000000
0.000000
0.000000
0.000000
0.000000
0.055130
0.000000
0.000000
0.000000
0.000000
0.000000
0.000000
0.000000
0.055130
0.000000
0.000000
0.000000
0.000000
0.000000
0.195062
0.000000
0.055130
0.580164
0.926828
0.079229
0.028790
1.068589
1.317149
0.000000
0.000000
0.836914
1.030550
0.000000
0.000000
1.072136
0.000000
0.681326
0.000000
0.000000
0.000000
0.000000
0.000000
0.000000
0.000000
0.494951
0.061412
0.000000
0.000000
0.000000
0.000000
0.000000
0.000000
0.000000
0.059071
0.000000
0.000000
0.000000
0.000000
0.000000
0.000000
0.000000
0.055130
0.000000
0.000000
0.000000
0.000000
0.000000
0.000000
0.000000
0.055130
0.000000
0.000000
0.000000
0.000000
0.000000
0.000000
0.000000
0.055130
0.000000
0.000000
0.000000
0.000000
0.000000
0.000000
0.000000
0.055130
0.000000
0.000000
0.000000
0.000000
0.000000
0.000000
0.000000
0.055130
0.000000
0.000000
0.000000
0.000000
0.000000
0.000000
0.000000
0.055130
0.000000
0.000000
0.000000
0.000000
0.000000
0.000000
0.000000
0.055130
0.000000
0.000000
0.000000
0.000000
0.000000
0.000000
0.000000
0.055130
0.004416
0.099237
0.000000
0.000000
0.670407
1.329553
0.000000
0.000000
0.679702
0.639849
0.000000
0.002866
1.025092
1.227968
0.000000
0.000000
0.245520
0.000000
0.000000
0.038021
0.000000
0.000000
1.279315
0.000000
0.000000
0.000000
0.000000
0.000000
0.000000
0.000000
0.000000
0.055242
0.000000
0.000000
0.000000
0.000000
0.000000
0.000000
0.000000
0.055130
0.000000
0.000000
0.000000
0.000000
0.000000
0.000000
0.000000
0.055130
0.000000
0.000000
0.000000
0.000000
0.000000
0.000000
0.000000
0.055130
0.000000
0.000000
0.000000
0.000000
0.000000
0.000000
0.000000
0.055130
0.000000
0.000000
0.000000
0.000000
0.000000
0.000000
0.000000
0.055130
0.000000
0.000000
0.000000
0.000000
0.000000
0.000000
0.000000
0.055130
0.000000
0.000000
0.000000
0.000000
0.000000
0.000000
0.000000
0.055130
0.000000
0.000000
0.000000
0.000000
0.000000
0.000000
0.000000
0.055130
0.000000
0.000000
0.000000
0.000000
0.000000
0.000000
0.000000
0.055130
0.591144
0.106604
0.000000
0.000000
0.778574
1.405118
0.000000
1.583858
0.713682
0.211397
0.000000
0.234832
0.751502
0.000000
0.000000
1.947521
0.135046
0.000000
0.000000
0.088790
0.000000
0.000000
0.667075
0.295467
0.000000
0.000000
0.000000
0.000000
0.000000
0.000000
0.000000
0.059634
0.000000
0.000000
0.000000
0.000000
0.000000
0.000000
0.000000
0.055130
0.000000
0.000000
0.000000
0.000000
0.000000
0.000000
0.000000
0.055130
0.000000
0.000000
0.000000
0.000000
0.000000
0.000000
0.000000
0.055130
0.000000
0.000000
0.000000
0.000000
0.000000
0.000000
0.000000
0.055130
0.000000
0.000000
0.000000
0.000000
0.000000
0.000000
0.000000
0.055130
