0.000000 0.000000 0.000000 0.000000 0.000000 0.000000 0.399190 0.299762 0.491917 0.000000 0.000000 0.000000 0.295566 0.000000 0.559262 0.000000 0.000000 0.170740 0.000000 0.000000 0.330242 0.000000 0.000000 0.000000 0.000000 0.221715 0.000000 1.250507 0.000000 0.000000 0.000000 0.682235 0.000000 0.959728 0.000000 0.000000 0.142192 0.676582 0.000000 0.092204 0.000000 0.000000 0.000000 0.049849 0.000000 0.117852 0.107662 0.341741 0.000000 1.509580 0.221511 0.000000 1.325047 0.000000 0.000000 0.309446 0.000000 0.000000 0.065918 0.000000 0.000000 0.000000 0.000000 0.000000 
0.000000 0.000000 0.000000 0.118371 0.000000 0.000000 0.000000 0.507298 0.301408 0.000000 0.000000 0.000000 0.000000 0.000000 0.319829 0.000000 0.000000 0.061095 0.000000 0.000000 0.401019 0.020892 0.000000 0.000000 0.000000 0.127152 0.000000 0.219708 0.000000 0.000000 0.019499 0.947103 0.000000 1.800528 0.000000 0.000000 0.267791 0.000000 0.000000 0.844027 0.000000 0.000000 0.000000 1.082704 0.077784 0.426733 0.040152 0.000000 0.000000 1.899863 0.000000 0.000000 1.611598 0.000000 0.000000 1.888567 0.000000 0.000000 0.000000 0.000000 0.000000 0.454863 0.000000 0.259455 
0.000000 0.000000 0.000000 0.000000 0.000000 0.000000 0.000000 0.733648 0.292505 0.000000 0.000000 0.000000 0.000000 0.000000 0.922224 0.000000 0.000000 0.000000 0.000000 0.000000 0.877248 0.043892 0.000000 0.000000 0.000000 0.000000 0.000000 0.000000 0.000000 0.000000 0.000000 0.500335 0.000000 1.405641 0.000000 0.287577 0.000000 0.000000 0.000000 0.912621 0.253974 0.000000 0.000000 0.624987 0.132836 0.634990 0.575863 0.000000 0.000000 1.724895 0.000000 0.000000 1.429603 0.000000 0.000000 1.504081 0.000000 0.000000 0.000000 0.000000 0.000000 0.362972 0.000000 0.315166 
0.000000 0.000000 0.000000 0.000000 0.000000 0.000000 0.000000 0.563122 0.287763 0.000000 0.000000 0.000000 0.000000 0.000000 0.921633 0.000000 0.000000 0.000000 0.000000 0.000000 0.967090 0.000000 0.000000 0.000000 0.000000 0.000000 0.000000 0.000000 0.000000 0.008653 0.000000 0.309424 0.000000 0.931117 0.000000 0.162968 0.000000 0.000000 0.000000 0.795031 0.306460 0.000000 0.000000 0.420473 0.000000 0.827434 0.428655 0.000000 0.000000 1.779469 0.000000 0.025373 1.451763 0.000000 0.000000 1.273733 0.000000 0.000000 0.000000 0.000000 0.000000 0.000000 0.000000 0.156180 
0.000000 0.000000 0.000000 0.000000 0.000000 0.000000 0.000000 0.231407 0.000000 0.000000 0.000000 0.000000 0.000000 0.000000 0.439208 0.000000 0.000000 0.000000 0.000000 0.000000 0.599135 0.180248 0.000000 0.000000 0.000000 0.000000 0.000000 0.000000 0.000000 0.008653 0.000000 0.166867 0.000000 0.655663 0.000000 0.165298 0.000000 0.000000 0.000000 0.348055 0.205841 0.000000 0.000000 0.294434 0.393333 0.400250 0.000000 0.000000 0.000000 1.358031 0.000000 0.025373 1.028610 0.000000 0.000000 1.645068 0.000000 0.000000 0.000000 0.000000 0.000000 0.000000 0.000000 0.000000 
1.272368 0.000000 0.000000 0.688970 0.000000 0.306549 0.000000 0.000000 0.000000 0.277187 1.240853 1.411474 0.000000 0.000000 0.000000 0.000000 0.000000 0.800981 0.000000 0.000000 0.000000 0.000000 0.000000 0.000000 0.000000 0.000000 0.472555 1.649848 0.000000 0.000000 1.069826 0.469291 2.226451 0.000000 0.925231 0.000000 0.000000 0.000000 0.000000 0.000000 0.000000 0.102482 0.000000 0.000000 0.732324 0.949892 0.000000 0.503952 0.000000 0.030938 0.000000 0.000000 0.172791 0.000000 0.204527 0.091025 0.275551 0.503970 0.000000 0.462472 0.000000 0.000000 0.029553 0.000000 
1.732337 0.000000 0.000000 1.723323 0.000000 0.783603 0.000000 0.000000 0.000000 1.494357 0.672751 2.463409 0.000000 0.000000 0.000000 0.000000 0.000000 1.486724 0.000000 0.834116 0.013344 0.000000 0.000000 0.000000 0.000000 0.000000 1.815857 0.000000 0.000000 0.000000 0.434591 2.616277 1.355551 0.000000 1.080455 0.000000 0.000000 0.000000 0.000000 0.000000 0.000000 0.383285 0.214879 0.371856 1.143136 0.932393 0.000000 0.000000 0.047647 0.000000 0.000000 0.000000 0.000000 0.000000 0.000000 0.000000 0.475234 2.091282 0.000000 0.532306 0.000000 0.000000 0.000000 0.174998 
1.619363 0.000000 0.000000 1.632479 0.000000 1.407950 0.000000 0.000000 0.000000 1.625066 1.192518 2.383184 0.000000 0.000000 0.000000 0.000000 0.000000 1.813687 0.000000 0.769716 0.000000 0.000000 0.000000 0.000000 0.000000 0.000000 1.993416 0.000000 0.000000 0.000000 0.000000 1.806889 0.600298 0.741262 1.544315 0.000000 0.000000 0.000000 0.000000 0.000000 0.000000 0.360746 0.426799 0.672341 0.697605 1.548295 0.000000 0.000000 0.000000 0.000000 0.000000 0.000000 0.878457 0.000000 0.000000 0.000000 0.249328 1.901803 0.000000 0.000000 0.000000 0.000000 0.339268 0.559920 
1.595089 0.000000 0.000000 1.275433 0.000000 0.443257 0.000000 0.071268 0.000000 0.004662 1.347467 1.283949 0.000000 0.000000 0.000000 0.000000 0.000000 1.364924 0.000000 1.748170 0.000000 0.000000 0.000000 0.232602 0.000000 0.000000 1.551722 0.000000 0.000000 0.000000 0.000000 1.631635 0.000000 0.937116 0.000000 0.000000 0.352997 0.000000 0.000000 0.000000 0.000000 0.090869 0.638911 0.711404 0.866876 1.094172 0.000000 0.000000 0.617651 0.000000 0.000000 0.000000 1.489898 0.360278 0.000000 0.169084 0.227131 2.239104 0.000000 0.000000 0.000000 0.000000 0.258389 0.407384 
0.000000 1.254725 1.869413 0.000000 0.000000 0.000000 0.000000 0.000000 0.000000 0.353771 0.000000 0.000000 0.000000 0.000000 0.000000 0.000000 0.000000 0.000000 0.000000 0.592703 0.000000 0.000000 0.042038 0.000000 0.000000 0.000000 0.123973 0.000000 0.007193 1.390761 0.000000 1.016444 0.000000 1.104364 0.000000 0.000000 1.867044 0.000000 0.000000 0.000000 0.000000 0.000000 0.169569 0.000000 0.000000 0.000000 0.000000 0.000000 0.877376 0.000000 0.000000 0.000000 0.547247 0.000000 0.084822 2.169514 0.000000 0.000000 0.000000 0.000000 0.000000 0.557426 0.000000 0.000000 
0.000000 0.000000 0.252093 0.000000 0.000000 0.000000 0.000000 0.501582 0.000000 0.000000 0.532835 0.100602 0.000000 0.000000 0.000000 0.000000 0.000000 0.000000 0.000000 0.000000 1.168428 0.000000 0.000000 0.000000 0.000000 0.000000 0.000000 0.000000 0.000000 0.008653 0.000000 0.000000 0.111660 1.042940 0.044267 0.162968 0.000000 0.388955 0.000000 0.000000 0.000000 0.000000 0.000000 0.309976 0.000000 0.000000 0.000000 0.000000 0.000000 0.316900 0.000000 0.025373 0.018891 0.000000 0.000000 0.018896 0.000000 0.000000 0.000000 0.000000 0.000000 0.000000 0.000000 0.000000 
0.000000 0.000000 0.000000 0.000000 0.000000 0.000000 0.000000 0.423848 0.000000 0.000000 0.053268 0.607199 0.000000 0.000000 0.000000 0.000000 0.000000 0.000000 0.000000 0.000000 1.465334 0.000000 0.000000 0.000000 0.000000 0.000000 0.000000 0.000000 0.000000 0.001883 0.668970 0.000000 0.065222 1.227859 0.150819 0.587264 0.000000 0.152432 0.000000 0.000000 0.000000 0.000000 0.000000 0.641451 0.000000 0.000000 0.000000 0.000000 0.000000 0.000000 0.000000 0.014470 0.010588 0.000000 0.000000 0.000000 0.000000 0.000000 0.000000 0.000000 0.000000 0.000000 0.000000 0.000000 
0.000000 0.000000 0.000000 0.000000 0.000000 0.000000 0.000000 0.180816 0.000000 0.000000 0.097331 0.769897 0.000000 0.000000 0.000000 0.000000 0.000000 0.000000 0.000000 0.000000 1.817750 0.000000 0.000000 0.000000 0.000000 0.000000 0.000000 0.000000 0.000000 0.000000 0.823509 0.000000 0.075445 1.197958 0.235483 0.702381 0.000000 0.657728 0.000000 0.000000 0.000000 0.000000 0.000000 0.510889 0.000000 0.000000 0.000000 0.000000 0.000000 0.000000 0.000000 0.123237 0.185777 0.000000 0.194216 0.000000 0.000000 0.000000 0.522805 0.000000 0.027819 0.000000 0.000000 0.000000 
0.000000 1.363582 0.000000 0.000000 0.239540 0.000000 0.000000 0.000000 0.000000 0.000000 0.000000 0.000000 0.000000 1.804078 0.234470 0.000000 0.000000 0.000000 1.171176 0.000000 1.006930 1.719371 1.073322 0.119909 0.000000 0.000000 0.000000 0.000000 1.186808 0.000000 1.326324 0.000000 0.000000 0.000000 0.000000 0.000000 0.000000 0.559959 0.000000 0.000000 1.229411 0.000000 0.000000 0.000000 0.000000 0.000000 0.000000 0.000000 0.000000 0.000000 0.000000 0.000000 0.000000 1.600939 0.000000 0.000000 0.240847 0.000000 1.417484 0.000000 1.815863 0.000000 0.000000 0.000000 
0.000000 2.531389 0.632843 0.000000 0.000000 0.000000 0.000000 0.000000 0.405138 0.225143 0.184161 0.000000 0.000000 0.000000 0.534972 0.498664 0.000000 0.000000 0.857783 0.000000 0.000000 0.000000 0.000000 0.000000 0.000000 0.106936 0.265859 0.000000 0.679809 1.913357 0.000000 0.000000 0.000000 0.000000 0.000000 0.728645 0.000000 0.727533 0.000000 0.000000 0.000000 0.000000 0.000000 0.000000 0.000000 0.000000 0.000000 0.251457 0.000000 0.000000 0.000000 1.242256 0.000000 0.000000 0.967093 0.000000 0.137994 0.000000 0.719817 0.000000 0.313456 0.000000 0.000000 0.000000 
0.000000 0.000000 0.000000 0.000000 0.000000 0.000000 0.000000 0.000000 0.000000 0.000000 0.000000 0.000000 0.000000 0.000000 0.000000 0.000000 0.000000 0.000000 0.000000 0.000000 0.000000 0.000000 0.000000 0.000000 0.000000 0.000000 0.000000 0.000000 0.000000 0.008653 0.000000 0.000000 0.000000 0.000000 0.000000 0.162968 0.000000 0.000000 0.000000 0.000000 0.000000 0.000000 0.000000 0.000000 0.000000 0.000000 0.000000 0.000000 0.000000 0.000000 0.000000 0.025373 0.018891 0.000000 0.000000 0.000000 0.000000 0.000000 0.000000 0.000000 0.000000 0.000000 0.000000 0.000000 
0.000000 0.000000 0.000000 0.000000 0.000000 0.000000 0.000000 0.000000 0.000000 0.000000 0.073038 0.000000 0.000000 0.000000 0.000000 0.000000 0.000000 0.000000 0.000000 0.000000 0.000000 0.000000 0.000000 0.000000 0.000000 0.000000 0.000000 0.000000 0.000000 0.011876 0.000000 0.000000 0.000000 0.000000 0.000000 0.162968 0.000000 0.133977 0.000000 0.000000 0.000000 0.000000 0.000000 0.000000 0.000000 0.000000 0.000000 0.000000 0.000000 0.003225 0.000000 0.025373 0.107722 0.000000 0.000000 0.000000 0.000000 0.000000 0.093592 0.000000 0.000000 0.000000 0.000000 0.000000 
0.000000 0.000000 0.000000 0.000000 0.254501 0.000000 0.000000 0.000000 0.107594 0.000000 0.141351 0.000000 0.000000 1.075119 0.000000 0.000000 0.000000 0.000000 0.000000 0.000000 0.000000 2.179850 1.306468 0.000000 0.099692 0.000000 0.000000 0.360524 0.000000 0.000000 0.000000 0.000000 0.000000 0.000000 0.000000 0.000000 0.000000 0.474001 0.000000 0.123561 1.683500 0.000000 0.000000 0.000000 0.000000 0.000000 0.000000 0.000000 0.000000 0.027076 0.000000 0.092427 0.987720 1.827528 0.436146 0.000000 0.000000 0.112545 1.326031 0.000000 0.555459 0.093381 0.026856 0.000000 
0.000000 2.104026 0.000000 0.314261 0.275649 0.000000 0.000000 0.000000 0.298663 0.000000 0.239313 0.000000 0.000000 2.029214 1.075353 0.706921 0.000000 0.000000 1.553249 0.000000 0.000000 1.984340 1.673779 0.000000 0.000000 0.000000 0.376254 0.000000 1.523187 1.569339 0.471398 0.000000 0.000000 0.000000 0.000000 0.000000 0.000000 0.000000 0.000000 0.000000 0.000000 0.000000 0.000000 0.000000 0.000000 0.000000 0.000000 0.000000 0.000000 0.000000 0.000000 0.851396 0.000000 1.693157 0.000000 0.000000 0.664670 0.000000 0.000000 0.000000 1.368828 0.000000 0.000000 0.000000 
0.117219 0.000000 0.151818 0.000000 0.000000 0.000000 0.000000 0.000000 0.627244 0.015760 0.302323 0.000000 0.000000 0.000000 0.006202 0.237467 0.000000 0.010962 0.000000 0.000000 0.000000 0.000000 0.000000 0.000000 0.000000 0.080287 0.483883 0.408127 0.000000 1.660203 0.000000 0.000000 0.000000 0.000000 0.000000 1.280081 0.000000 0.655613 0.000000 0.000000 0.000000 0.000000 0.000000 0.000000 0.000000 0.000000 0.000000 0.374896 0.000000 0.000000 0.000000 1.293945 0.000000 0.737708 0.969143 0.000000 0.000000 0.000000 0.812435 0.000000 0.000000 0.000000 0.000000 0.000000 
0.000000 0.000000 0.000000 0.000000 0.000000 0.000000 0.000000 0.000000 0.000000 0.000000 0.000000 0.000000 0.000000 0.000000 0.000000 0.000000 0.000000 0.000000 0.000000 0.000000 0.000000 0.000000 0.000000 0.000000 0.000000 0.000000 0.000000 0.000000 0.000000 0.008653 0.000000 0.000000 0.000000 0.000000 0.000000 0.162968 0.000000 0.000000 0.000000 0.000000 0.000000 0.000000 0.000000 0.000000 0.000000 0.000000 0.000000 0.000000 0.000000 0.000000 0.000000 0.025373 0.018891 0.000000 0.000000 0.000000 0.000000 0.000000 0.000000 0.000000 0.000000 0.000000 0.000000 0.000000 
0.000000 0.000000 0.000000 0.000000 0.000000 0.000000 0.000000 0.000000 0.000000 0.000000 0.069636 0.000000 0.000000 0.000000 0.000000 0.000000 0.000000 0.000000 0.000000 0.000000 0.000000 0.681628 0.000000 0.000000 0.138109 0.000000 0.000000 0.080693 0.000000 0.022289 0.000000 0.000000 0.000000 0.000000 0.000000 0.000000 0.000000 0.384490 0.012661 0.000000 0.978518 0.000000 0.000000 0.000000 0.000000 0.000000 0.000000 0.000000 0.000000 0.000000 0.000000 0.110789 0.590725 0.405126 0.759260 0.000000 0.000000 0.023409 1.358071 0.000000 0.000000 0.045724 0.000000 0.000000 
0.000000 1.290675 0.000000 0.000000 1.016271 0.000000 0.000000 0.000000 0.000000 0.000000 0.000000 0.000000 0.000000 2.050109 1.231871 0.770957 0.000000 0.000000 1.391212 0.000000 0.000000 2.480946 1.886287 0.000000 0.700233 0.000000 0.000000 0.166605 2.163514 0.000000 0.267803 0.000000 0.000000 0.000000 0.000000 0.000000 0.000000 0.000000 0.000000 0.000000 2.042564 0.000000 0.000000 0.000000 0.000000 0.000000 0.000000 0.000000 0.000000 0.000000 0.085485 0.000000 0.000000 1.561497 0.133171 0.000000 0.740373 0.000000 1.462392 0.000000 1.621198 0.874553 0.000000 0.000000 
0.000000 1.668222 0.000000 0.450866 0.000000 0.000000 0.000000 0.000000 0.624082 0.402989 0.450131 0.000000 0.000000 0.000000 0.746859 1.279250 0.000000 0.000000 0.290260 0.000000 0.000000 0.000000 0.000000 0.000000 0.000000 0.000000 0.646275 0.383170 1.844450 1.533175 0.000000 0.000000 0.000000 0.000000 0.000000 1.489979 0.000000 0.617440 0.000000 0.000000 0.000000 0.000000 0.000000 0.000000 0.095988 0.000000 0.000000 0.285821 0.000000 0.000000 0.000000 1.568925 0.000000 0.383033 0.795267 0.000000 0.903266 0.000000 0.565391 0.000000 0.000000 0.146402 0.000000 0.000000 
0.000000 0.000000 0.121972 0.000000 0.000000 0.000000 0.000000 0.000000 0.000000 0.000000 0.000000 0.000000 0.000000 0.000000 0.000000 0.000000 0.000000 0.027956 0.000000 0.000000 0.000000 0.000000 0.000000 0.000000 0.000000 0.000000 0.000000 0.385117 0.000000 0.436008 0.000000 0.000000 0.000000 0.000000 0.000000 1.145618 0.000000 0.454111 0.000000 0.000000 0.000000 0.000000 0.000000 0.000000 0.000000 0.000000 0.000000 0.123311 0.000000 0.000000 0.000000 0.025373 0.018891 0.811149 0.417724 0.000000 0.000000 0.000000 0.403971 0.000000 0.000000 0.000000 0.000000 0.000000 
