0.000000
 0.000000
 0.000000
 0.000000
 0.185332
 0.000000
 0.000000
 0.000000
 0.000000
 0.000000
 0.185332
 0.000000
 0.000000
 0.000000
 0.000000
 0.000000
 0.185332
 0.000000
 0.000000
 0.000000
 0.000000
 0.000000
 0.185332
 0.000000
 0.000000
 0.000000
 0.000000
 0.000000
 0.185332
 0.000000
 0.000000
 0.000000
 0.000000
 0.000000
 0.185332
 0.000000
 0.000000
 0.000000
 0.000000
 0.000000
 0.185332
 0.000000
 0.000000
 0.000000
 0.000000
 0.000000
 0.185332
 0.000000
 0.000000
 0.000000
 0.000000
 0.000000
 0.185332
 0.000000
 0.000000
 0.000000
 0.000000
 0.000000
 0.185332
 0.000000
 0.000000
 0.000000
 0.000000
 0.000000
 0.185332
 0.000000
 0.000000
 0.000000
 0.000000
 0.000000
 0.185332
 0.000000
 0.000000
 0.000000
 0.000000
 0.000000
 0.185332
 0.000000
 0.000000
 0.000000
 0.000000
 0.000000
 0.185332
 0.000000
 0.000000
 0.000000
 0.000000
 0.000000
 0.185332
 0.000000
 0.000000
 0.000000
 0.000000
 0.000000
 0.185332
 0.000000
 0.000000
 0.000000
 0.000000
 0.000000
 0.185332
 0.000000
 0.000000
 0.000000
 0.000000
 0.000000
 0.185332
 0.000000
 0.000000
 0.000000
 0.000000
 0.000000
 0.185332
 0.000000
 0.000000
 0.000000
 0.000000
 0.000000
 0.185332
 0.000000
 0.000000
 0.000000
 0.000000
 0.000000
 0.185332
 0.000000
 0.496897
 0.000000
 0.187039
 0.339948
 0.185332
 0.143212
 0.384461
 0.000000
 0.074593
 0.560204
 0.185332
 0.000000
 0.000000
 0.000000
 0.000000
 0.000000
 0.185332
 0.000000
 0.000000
 0.000000
 0.000000
 0.000000
 0.185332
 0.000000
 0.000000
 0.000000
 0.000000
 0.000000
 0.185332
 0.000000
 0.000000
 0.000000
 0.000000
 0.000000
 0.185332
 0.000000
 0.000000
 0.000000
 0.000000
 0.000000
 0.185332
 0.000000
 0.000000
 0.000000
 0.000000
 0.000000
 0.185332
 0.000000
 0.000000
 0.000000
 0.000000
 0.000000
 0.185332
 0.000000
 0.000000
 0.000000
 0.000000
 0.000000
 0.185332
 0.000000
 0.000000
 0.000000
 0.000000
 0.000000
 0.185332
 0.000000
 0.000000
 0.000000
 0.000000
 0.000000
 0.185332
 0.000000
 0.062085
 0.000000
 0.058194
 0.000000
 0.185332
 0.030329
 0.982198
 0.000000
 1.039957
 0.260554
 0.000000
 0.896566
 0.588540
 0.000000
 0.581796
 1.393211
 0.000000
 0.000000
 0.000000
 0.000000
 0.000000
 0.000000
 0.185332
 0.000000
 0.000000
 0.000000
 0.000000
 0.000000
 0.185332
 0.000000
 0.000000
 0.000000
 0.000000
 0.000000
 0.185332
 0.000000
 0.000000
 0.000000
 0.000000
 0.000000
 0.185332
 0.000000
 0.000000
 0.000000
 0.000000
 0.000000
 0.185332
 0.000000
 0.000000
 0.000000
 0.000000
 0.000000
 0.185332
 0.000000
 0.133502
 0.000000
 0.166061
 0.000000
 0.185332
 0.134049
 0.914086
 0.000000
 0.618282
 0.786215
 0.000000
 0.459074
 0.366435
 0.000000
 0.357585
 1.171004
 0.125510
 0.000000
 0.000000
 0.000000
 0.000000
 0.000000
 0.185332
 0.000000
 0.076908
 0.000000
 0.287405
 0.000000
 0.185332
 0.236911
 0.896286
 0.020885
 1.268645
 0.357133
 0.000000
 1.074752
 0.506312
 0.125247
 0.635712
 1.327552
 0.000000
 0.000000
 0.000000
 0.000000
 0.000000
 0.000000
 0.185332
 0.000000
 0.000000
 0.000000
 0.000000
 0.000000
 0.185332
 0.000000
 0.000000
 0.000000
 0.000000
 0.000000
 0.185332
 0.000000
 0.000000
 0.000000
 0.000000
 0.000000
 0.185332
 0.000000
 0.000000
 0.000000
 0.000000
 0.000000
 0.185332
 0.000000
 0.000000
 0.000000
 0.000000
 0.000000
 0.185332
 0.000000
 0.256937
 0.000000
 0.719652
 0.000000
 0.185332
 0.630770
 1.044108
 0.007138
 1.243835
 0.902745
 0.000000
 0.857709
 0.355441
 0.307151
 0.598422
 1.297042
 0.031374
 0.000000
 0.000000
 0.000000
 0.000000
 0.000000
 0.185332
 0.000000
 0.209358
 0.000000
 0.711697
 0.000000
 0.185332
 0.639005
 0.933544
 0.000000
 1.294082
 1.256916
 0.000000
 0.987507
 0.239436
 0.153397
 0.609708
 1.119130
 0.179132
 0.000000
 0.000000
 0.000000
 0.000000
 0.000000
 0.185332
 0.000000
 0.000000
 0.000000
 0.000000
 0.000000
 0.185332
 0.000000
 0.000000
 0.000000
 0.000000
 0.000000
 0.185332
 0.000000
 0.000000
 0.000000
 0.000000
 0.000000
 0.185332
 0.000000
 0.000000
 0.000000
 0.000000
 0.000000
 0.185332
 0.000000
 0.000000
 0.000000
 0.000000
 0.000000
 0.185332
 0.000000
 0.424314
 0.000000
 1.232034
 0.000000
 0.015307
 0.968997
 0.850099
 0.141199
 1.085994
 1.235448
 0.000000
 0.516880
 0.097238
 0.332859
 0.438590
 0.631061
 0.185520
 0.000000
 0.000000
 0.000000
 0.000000
 0.000000
 0.185332
 0.000000
 0.398545
 0.000000
 1.116529
 0.000000
 0.134635
 0.911525
 0.846108
 0.060079
 1.167633
 1.311540
 0.000000
 0.856526
 0.079552
 0.242281
 0.551770
 0.930313
 0.185708
 0.000000
 0.000000
 0.000000
 0.000000
 0.000000
 0.185332
 0.000000
 0.000000
 0.000000
 0.000000
 0.000000
 0.185332
 0.000000
 0.000000
 0.000000
 0.000000
 0.000000
 0.185332
 0.000000
 0.000000
 0.000000
 0.000000
 0.000000
 0.185332
 0.000000
 0.000000
 0.000000
 0.000000
 0.000000
 0.185332
 0.000000
 0.014920
 0.000000
 0.025772
 0.000000
 0.185332
 0.003023
 0.889991
 0.000000
 1.346331
 0.000000
 0.000000
 0.933288
 1.343722
 0.000000
 1.218569
 1.206113
 0.000000
 0.000000
 1.284233
 0.000000
 0.934309
 0.821676
 0.000000
 0.000000
 1.116800
 0.000000
 1.079562
 0.868319
 0.000000
 0.000000
 1.201554
 0.000000
 1.779823
 0.673499
 0.000000
 0.314823
 1.252731
 0.027592
 1.283357
 1.666783
 0.000000
 0.000000
 0.428275
 0.076715
 0.335920
 1.013815
 0.185332
 0.000000
 0.000000
 0.000000
 0.000000
 0.000000
 0.185332
 0.000000
 0.000000
 0.000000
 0.000000
 0.000000
 0.185332
 0.000000
 0.000000
 0.000000
 0.000000
 0.000000
 0.185332
 0.000000
 0.000000
 0.000000
 0.000000
 0.000000
 0.185332
 0.000000
 0.000000
 0.000000
 0.000000
 0.000000
 0.185332
 0.000000
 0.000000
 0.027785
 0.045846
 0.000000
 0.206366
 0.021670
 0.883036
 0.876878
 1.306372
 0.000000
 0.904864
 0.991939
 1.122253
 1.426953
 1.476125
 0.677601
 0.322674
 0.124314
 0.121968
 1.298754
 1.226243
 0.000000
 0.695426
 0.531342
 0.000000
 1.313334
 1.264198
 0.000000
 0.703768
 0.560716
 0.937314
 0.992006
 1.758600
 0.000000
 0.016320
 1.265375
 1.301539
 0.506966
 1.622075
 1.376283
 0.000000
 0.000000
 0.644678
 0.483444
 0.590346
 1.585449
 0.000000
 0.000000
 0.000000
 0.000000
 0.000000
 0.000000
 0.185332
 0.000000
 0.000000
 0.000000
 0.000000
 0.000000
 0.185332
 0.000000
 0.000000
 0.000000
 0.000000
 0.000000
 0.185332
 0.000000
 0.000000
 0.000000
 0.000000
 0.000000
 0.185332
 0.000000
 0.000000
 0.000000
 0.000000
 0.000000
 0.185332
 0.000000
 0.000000
 0.012096
 0.014215
 0.000000
 0.195156
 0.000000
 0.000000
 0.861375
 0.480279
 0.000000
 0.826562
 0.668201
 0.065365
 0.941084
 0.362451
 0.000000
 0.686202
 0.452152
 0.031980
 0.201679
 0.077795
 0.000000
 0.230598
 0.023620
 0.147776
 0.000000
 0.348482
 0.000000
 0.185332
 0.305733
 0.863949
 0.099110
 1.278814
 0.237299
 0.000000
 0.969051
 0.456378
 1.032487
 1.209816
 1.180500
 0.012038
 0.000000
 0.145892
 0.672504
 0.197518
 0.088034
 0.393498
 0.103629
 0.000000
 0.000000
 0.000000
 0.000000
 0.185332
 0.000000
 0.000000
 0.000000
 0.000000
 0.000000
 0.185332
 0.000000
 0.000000
 0.000000
 0.000000
 0.000000
 0.185332
 0.000000
 0.000000
 0.000000
 0.000000
 0.000000
 0.185332
 0.000000
 0.000000
 0.000000
 0.000000
 0.000000
 0.185332
 0.000000
 0.000000
 0.000000
 0.000000
 0.000000
 0.185332
 0.000000
 0.000000
 0.000000
 0.000000
 0.000000
 0.185332
 0.000000
 0.000000
 0.000000
 0.000000
 0.000000
 0.185332
 0.000000
 0.000000
 0.000000
 0.000000
 0.000000
 0.185332
 0.000000
 0.053714
 0.040897
 0.564669
 0.000000
 0.185332
 0.487743
 0.985334
 0.077671
 1.287545
 0.743471
 0.000000
 1.072257
 0.421317
 0.109713
 0.637407
 1.287855
 0.000000
 0.000000
 0.000000
 0.000000
 0.000000
 0.000000
 0.185332
 0.000000
 0.000000
 0.000000
 0.000000
 0.000000
 0.185332
 0.000000
 0.000000
 0.000000
 0.000000
 0.000000
 0.185332
 0.000000
 0.000000
 0.000000
 0.000000
 0.000000
 0.185332
 0.000000
 0.000000
 0.000000
 0.000000
 0.000000
 0.185332
 0.000000
 0.000000
 0.000000
 0.000000
 0.000000
 0.185332
 0.000000
 0.000000
 0.000000
 0.000000
 0.000000
 0.185332
 0.000000
 0.000000
 0.000000
 0.000000
 0.000000
 0.185332
 0.000000
 0.000000
 0.000000
 0.000000
 0.000000
 0.185332
 0.000000
 0.000000
 0.000000
 0.000000
 0.000000
 0.185332
 0.000000
 0.147465
 0.000000
 0.740400
 0.000000
 0.185332
 0.656560
 1.113211
 0.000000
 1.326278
 0.927788
 0.000000
 1.055625
 0.472123
 0.000000
 0.661578
 1.379562
 0.000000
 0.000000
 0.000000
 0.000000
 0.000000
 0.000000
 0.185332
 0.000000
 0.000000
 0.000000
 0.000000
 0.000000
 0.185332
 0.000000
 0.000000
 0.000000
 0.000000
 0.000000
 0.185332
 0.000000
 0.000000
 0.000000
 0.000000
 0.000000
 0.185332
 0.000000
 0.000000
 0.000000
 0.000000
 0.000000
 0.185332
 0.000000
 0.000000
 0.000000
 0.000000
 0.000000
 0.185332
 0.000000
 0.000000
 0.000000
 0.000000
 0.000000
 0.185332
 0.000000
 0.000000
 0.000000
 0.000000
 0.000000
 0.185332
 0.000000
 0.000000
 0.000000
 0.000000
 0.000000
 0.185332
 0.000000
 0.000000
 0.000000
 0.000000
 0.000000
 0.185332
 0.000000
 0.000000
 0.414398
 0.803134
 0.000000
 0.452541
 0.706876
 0.667093
 0.888585
 1.206442
 0.635018
 0.871805
 0.987834
 0.217096
 0.617589
 0.598555
 1.001236
 0.164941
 0.000000
 0.000000
 0.000000
 0.000000
 0.000000
 0.185332
 0.000000
 0.000000
 0.000000
 0.000000
 0.000000
 0.185332
 0.000000
 0.000000
 0.000000
 0.000000
 0.000000
 0.185332
 0.000000
 0.000000
 0.000000
 0.000000
 0.000000
 0.185332
 0.000000
 0.000000
 0.000000
 0.000000
 0.000000
 0.185332
 0.000000
 0.000000
 0.000000
 0.000000
 0.000000
 0.185332
 0.000000
 0.000000
 0.000000
 0.000000
 0.000000
 0.185332
 0.000000
 0.000000
 0.000000
 0.000000
 0.000000
 0.185332
 0.000000
 0.000000
 0.000000
 0.000000
 0.000000
 0.185332
 0.000000
 0.000000
 0.000000
 0.000000
 0.000000
 0.185332
 0.000000
 0.000000
 0.253437
 0.240458
 0.000000
 0.326558
 0.174226
 0.091188
 0.559832
 0.335896
 0.000000
 0.580567
 0.419305
 0.041097
 0.272480
 0.125122
 0.000000
 0.217459
 0.019375
 0.000000
 0.000000
 0.000000
 0.000000
 0.185332
 0.000000
 0.000000
 0.000000
 0.000000
 0.000000
 0.185332
 0.000000
 0.000000
 0.000000
 0.000000
 0.000000
 0.185332
 0.000000
 0.000000
 0.000000
 0.000000
 0.000000
 0.185332
 0.000000
 