0.000000 0.000000 0.000000 0.000000 0.000000 0.000000 0.000000 0.000000 0.000000 0.000000 0.000000 0.000000 0.000000 0.000000 0.000000 0.000000 0.000000 0.000000 0.000000 0.000000 0.000000 0.000000 0.000000 0.000000 0.000000 0.000000 0.000000 0.000000 0.000000 0.000000 0.000000 0.035015 0.000000 0.033466 0.000000 0.000000 0.000000 0.000000 0.000000 0.000000 0.000000 0.000000 0.000000 0.000000 0.000000 0.000000 0.000000 0.000000 0.000000 0.000000 0.000000 0.000000 0.069496 0.000000 0.000000 0.000000 0.000000 0.000000 0.000000 0.000000 0.000000 0.000000 0.000000 0.000000 
0.000000 0.000000 0.000000 0.000000 0.000000 0.000000 0.000000 0.000000 0.000000 0.000000 0.000000 0.000000 0.000000 0.000000 0.000000 0.000000 0.000000 0.000000 0.000000 0.000000 0.330242 0.000000 0.000000 0.000000 0.000000 0.000000 0.000000 0.071707 0.000000 0.000000 0.000000 0.145880 0.000000 0.339987 0.000000 0.000000 0.142192 0.000000 0.000000 0.000000 0.000000 0.000000 0.000000 0.000000 0.000000 0.117852 0.000000 0.000000 0.000000 0.340793 0.000000 0.000000 0.333105 0.000000 0.000000 0.309446 0.000000 0.000000 0.000000 0.000000 0.000000 0.000000 0.000000 0.000000 
0.000000 0.000000 0.000000 0.000000 0.000000 0.000000 0.000000 0.085112 0.000000 0.000000 0.000000 0.000000 0.000000 0.000000 0.000000 0.000000 0.000000 0.000000 0.000000 0.000000 0.401019 0.000000 0.000000 0.000000 0.000000 0.000000 0.000000 0.211267 0.000000 0.000000 0.019499 0.054076 0.000000 0.334842 0.000000 0.000000 0.000000 0.000000 0.000000 0.000000 0.000000 0.000000 0.000000 0.000000 0.000000 0.381859 0.000000 0.000000 0.000000 0.636161 0.000000 0.000000 0.437134 0.000000 0.000000 0.786072 0.000000 0.000000 0.000000 0.000000 0.000000 0.000000 0.000000 0.000000 
0.000000 0.000000 0.000000 0.000000 0.000000 0.000000 0.000000 0.049470 0.000000 0.000000 0.000000 0.000000 0.000000 0.000000 0.000000 0.000000 0.000000 0.000000 0.000000 0.000000 0.313479 0.020892 0.000000 0.000000 0.000000 0.000000 0.000000 0.000000 0.000000 0.000000 0.000000 0.014407 0.000000 0.160298 0.000000 0.000000 0.000000 0.000000 0.000000 0.000000 0.000000 0.000000 0.000000 0.000000 0.077784 0.426733 0.000000 0.000000 0.000000 0.547951 0.000000 0.000000 0.521905 0.000000 0.000000 0.680683 0.000000 0.000000 0.000000 0.000000 0.000000 0.000000 0.000000 0.000000 
0.000000 0.000000 0.000000 0.000000 0.000000 0.000000 0.000000 0.000000 0.000000 0.000000 0.000000 0.000000 0.000000 0.000000 0.000000 0.000000 0.000000 0.000000 0.000000 0.000000 0.126241 0.043892 0.000000 0.000000 0.000000 0.000000 0.000000 0.000000 0.000000 0.000000 0.000000 0.033970 0.000000 0.068900 0.000000 0.287577 0.000000 0.000000 0.000000 0.000000 0.000000 0.000000 0.000000 0.000000 0.132836 0.177481 0.000000 0.000000 0.000000 0.222519 0.000000 0.000000 0.357987 0.000000 0.000000 0.297902 0.000000 0.000000 0.000000 0.000000 0.000000 0.000000 0.000000 0.000000 
0.000000 0.000000 0.000000 0.000000 0.000000 0.000000 0.000000 0.000000 0.000000 0.000000 0.000000 0.000000 0.000000 0.000000 0.000000 0.000000 0.000000 0.000000 0.000000 0.000000 0.010891 0.000000 0.000000 0.000000 0.000000 0.000000 0.000000 0.000000 0.000000 0.000000 0.000000 0.000000 0.000000 0.000783 0.000000 0.205979 0.000000 0.000000 0.000000 0.000000 0.000000 0.000000 0.000000 0.000000 0.000000 0.000000 0.000000 0.000000 0.000000 0.000000 0.000000 0.000000 0.100373 0.000000 0.000000 0.038567 0.000000 0.000000 0.000000 0.000000 0.000000 0.000000 0.000000 0.000000 
0.000000 0.000000 0.000000 0.000000 0.000000 0.000000 0.000000 0.000000 0.000000 0.000000 0.000000 0.000000 0.000000 0.000000 0.000000 0.000000 0.000000 0.000000 0.000000 0.000000 0.000000 0.000000 0.000000 0.000000 0.000000 0.000000 0.000000 0.000000 0.000000 0.008653 0.000000 0.000000 0.000000 0.000000 0.000000 0.162968 0.000000 0.000000 0.000000 0.000000 0.000000 0.000000 0.000000 0.000000 0.000000 0.000000 0.000000 0.000000 0.000000 0.000000 0.000000 0.025373 0.018891 0.000000 0.000000 0.000000 0.000000 0.000000 0.000000 0.000000 0.000000 0.000000 0.000000 0.000000 
0.000000 0.000000 0.000000 0.000000 0.000000 0.000000 0.000000 0.000000 0.000000 0.000000 0.000000 0.000000 0.000000 0.000000 0.000000 0.000000 0.000000 0.000000 0.000000 0.000000 0.000000 0.000000 0.000000 0.000000 0.000000 0.000000 0.000000 0.000000 0.000000 0.008653 0.000000 0.000000 0.000000 0.000000 0.000000 0.162968 0.000000 0.000000 0.000000 0.000000 0.000000 0.000000 0.000000 0.000000 0.000000 0.000000 0.000000 0.000000 0.000000 0.000000 0.000000 0.025373 0.018891 0.000000 0.000000 0.000000 0.000000 0.000000 0.000000 0.000000 0.000000 0.000000 0.000000 0.000000 
0.000000 0.000000 0.000000 0.000000 0.000000 0.000000 0.000000 0.000000 0.000000 0.000000 0.000000 0.000000 0.000000 0.000000 0.000000 0.000000 0.000000 0.000000 0.000000 0.000000 0.000000 0.000000 0.000000 0.000000 0.000000 0.000000 0.000000 0.000000 0.000000 0.008653 0.000000 0.000000 0.000000 0.000000 0.000000 0.162968 0.000000 0.000000 0.000000 0.000000 0.000000 0.000000 0.000000 0.000000 0.000000 0.000000 0.000000 0.000000 0.000000 0.000000 0.000000 0.025373 0.018891 0.000000 0.000000 0.000000 0.000000 0.000000 0.000000 0.000000 0.000000 0.000000 0.000000 0.000000 
0.000000 0.000000 0.000000 0.000000 0.000000 0.000000 0.000000 0.000000 0.000000 0.000000 0.000000 0.000000 0.000000 0.000000 0.000000 0.000000 0.000000 0.000000 0.000000 0.000000 0.000000 0.000000 0.000000 0.000000 0.000000 0.000000 0.000000 0.000000 0.000000 0.008653 0.000000 0.000000 0.000000 0.000000 0.000000 0.162968 0.000000 0.000000 0.000000 0.000000 0.000000 0.000000 0.000000 0.000000 0.000000 0.000000 0.000000 0.000000 0.000000 0.000000 0.000000 0.025373 0.018891 0.000000 0.000000 0.000000 0.000000 0.000000 0.000000 0.000000 0.000000 0.000000 0.000000 0.000000 
0.000000 0.000000 0.000000 0.000000 0.000000 0.000000 0.000000 0.000000 0.000000 0.000000 0.000000 0.000000 0.000000 0.000000 0.000000 0.000000 0.000000 0.000000 0.000000 0.000000 0.000000 0.000000 0.000000 0.000000 0.000000 0.000000 0.000000 0.000000 0.000000 0.008653 0.000000 0.000000 0.000000 0.000000 0.000000 0.162968 0.000000 0.000000 0.000000 0.000000 0.000000 0.000000 0.000000 0.000000 0.000000 0.000000 0.000000 0.000000 0.000000 0.000000 0.000000 0.025373 0.018891 0.000000 0.000000 0.000000 0.000000 0.000000 0.000000 0.000000 0.000000 0.000000 0.000000 0.000000 
0.000000 0.000000 0.000000 0.000000 0.000000 0.000000 0.131777 0.000000 0.000000 0.000000 0.000000 0.000000 0.000000 0.000000 0.000000 0.000000 0.000000 0.093928 0.000000 0.000000 0.000000 0.000000 0.000000 0.000000 0.000000 0.000000 0.000000 0.344450 0.000000 0.000000 0.000000 0.226016 0.000000 0.010160 0.000000 0.000000 0.000000 0.676582 0.000000 0.000000 0.000000 0.000000 0.000000 0.000000 0.000000 0.000000 0.093828 0.341741 0.000000 0.648355 0.000000 0.000000 0.421268 0.000000 0.000000 0.000000 0.000000 0.000000 0.065918 0.000000 0.000000 0.000000 0.000000 0.000000 
0.000000 0.000000 0.000000 0.000000 0.000000 0.000000 0.399190 0.299762 0.491917 0.000000 0.000000 0.000000 0.295566 0.000000 0.559262 0.000000 0.000000 0.170740 0.000000 0.000000 0.000000 0.000000 0.000000 0.000000 0.000000 0.221715 0.000000 1.250507 0.000000 0.000000 0.000000 0.682235 0.000000 0.959728 0.000000 0.000000 0.000000 0.000000 0.000000 0.092204 0.000000 0.000000 0.000000 0.049849 0.000000 0.000000 0.107662 0.302963 0.000000 1.509580 0.221511 0.000000 1.325047 0.000000 0.000000 0.000000 0.000000 0.000000 0.000000 0.000000 0.000000 0.000000 0.000000 0.000000 
0.000000 0.000000 0.000000 0.118371 0.000000 0.000000 0.000000 0.309616 0.301408 0.000000 0.000000 0.000000 0.000000 0.000000 0.319829 0.000000 0.000000 0.061095 0.000000 0.000000 0.000000 0.000000 0.000000 0.000000 0.000000 0.127152 0.000000 0.219708 0.000000 0.000000 0.000000 0.890380 0.000000 1.718738 0.000000 0.000000 0.176770 0.000000 0.000000 0.546532 0.000000 0.000000 0.000000 0.700429 0.000000 0.000000 0.000000 0.000000 0.000000 1.899863 0.000000 0.000000 1.406114 0.000000 0.000000 1.213491 0.000000 0.000000 0.000000 0.000000 0.000000 0.121071 0.000000 0.104427 
0.000000 0.000000 0.000000 0.000000 0.000000 0.000000 0.000000 0.507298 0.131596 0.000000 0.000000 0.000000 0.000000 0.000000 0.139087 0.000000 0.000000 0.000000 0.000000 0.000000 0.000000 0.000000 0.000000 0.000000 0.000000 0.000000 0.000000 0.000000 0.000000 0.000000 0.000000 0.947103 0.000000 1.800528 0.000000 0.000000 0.267791 0.000000 0.000000 0.844027 0.000000 0.000000 0.000000 1.082704 0.000000 0.000000 0.040152 0.000000 0.000000 1.150079 0.000000 0.000000 1.611598 0.000000 0.000000 1.888567 0.000000 0.000000 0.000000 0.000000 0.000000 0.454863 0.000000 0.259455 
0.000000 0.000000 0.000000 0.000000 0.000000 0.000000 0.000000 0.733648 0.136096 0.000000 0.000000 0.000000 0.000000 0.000000 0.548449 0.000000 0.000000 0.000000 0.000000 0.000000 0.019502 0.000000 0.000000 0.000000 0.000000 0.000000 0.000000 0.000000 0.000000 0.000000 0.000000 0.500335 0.000000 1.405641 0.000000 0.000000 0.000000 0.000000 0.000000 0.912621 0.000000 0.000000 0.000000 0.624987 0.000000 0.000000 0.385746 0.000000 0.000000 1.233742 0.000000 0.000000 1.358567 0.000000 0.000000 1.504081 0.000000 0.000000 0.000000 0.000000 0.000000 0.362972 0.000000 0.315166 
0.000000 0.000000 0.000000 0.000000 0.000000 0.000000 0.000000 0.643176 0.292505 0.000000 0.000000 0.000000 0.000000 0.000000 0.922224 0.000000 0.000000 0.000000 0.000000 0.000000 0.877248 0.000000 0.000000 0.000000 0.000000 0.000000 0.000000 0.000000 0.000000 0.000000 0.000000 0.250663 0.000000 1.060814 0.000000 0.000000 0.000000 0.000000 0.000000 0.826881 0.253974 0.000000 0.000000 0.377768 0.000000 0.634990 0.575863 0.000000 0.000000 1.724895 0.000000 0.000000 1.429603 0.000000 0.000000 1.153010 0.000000 0.000000 0.000000 0.000000 0.000000 0.000000 0.000000 0.213455 
0.000000 0.000000 0.000000 0.000000 0.000000 0.000000 0.000000 0.563122 0.287763 0.000000 0.000000 0.000000 0.000000 0.000000 0.921633 0.000000 0.000000 0.000000 0.000000 0.000000 0.967090 0.000000 0.000000 0.000000 0.000000 0.000000 0.000000 0.000000 0.000000 0.000000 0.000000 0.255524 0.000000 0.905863 0.000000 0.000000 0.000000 0.000000 0.000000 0.795031 0.306460 0.000000 0.000000 0.360719 0.000000 0.827434 0.428655 0.000000 0.000000 1.764079 0.000000 0.000000 1.451763 0.000000 0.000000 0.998937 0.000000 0.000000 0.000000 0.000000 0.000000 0.000000 0.000000 0.156180 
0.000000 0.000000 0.000000 0.000000 0.000000 0.000000 0.000000 0.470329 0.223447 0.000000 0.000000 0.000000 0.000000 0.000000 0.855612 0.000000 0.000000 0.000000 0.000000 0.000000 0.951515 0.000000 0.000000 0.000000 0.000000 0.000000 0.000000 0.000000 0.000000 0.000000 0.000000 0.309424 0.000000 0.931117 0.000000 0.000000 0.000000 0.000000 0.000000 0.720549 0.270007 0.000000 0.000000 0.420473 0.000000 0.752689 0.420107 0.000000 0.000000 1.779469 0.000000 0.000000 1.388767 0.000000 0.000000 1.273733 0.000000 0.000000 0.000000 0.000000 0.000000 0.000000 0.000000 0.090916 
0.000000 0.000000 0.000000 0.000000 0.000000 0.000000 0.000000 0.231407 0.000000 0.000000 0.000000 0.000000 0.000000 0.000000 0.439208 0.000000 0.000000 0.000000 0.000000 0.000000 0.599135 0.180248 0.000000 0.000000 0.000000 0.000000 0.000000 0.000000 0.000000 0.000000 0.000000 0.166867 0.000000 0.655663 0.000000 0.000000 0.000000 0.000000 0.000000 0.348055 0.205841 0.000000 0.000000 0.294434 0.000000 0.400250 0.000000 0.000000 0.000000 1.358031 0.000000 0.000000 1.028610 0.000000 0.000000 1.645068 0.000000 0.000000 0.000000 0.000000 0.000000 0.000000 0.000000 0.000000 
0.000000 0.000000 0.000000 0.000000 0.000000 0.000000 0.000000 0.109043 0.000000 0.000000 0.000000 0.000000 0.000000 0.000000 0.000000 0.000000 0.000000 0.000000 0.000000 0.000000 0.133127 0.000000 0.000000 0.000000 0.000000 0.000000 0.000000 0.000000 0.000000 0.000000 0.000000 0.006086 0.000000 0.371019 0.000000 0.165298 0.000000 0.000000 0.000000 0.000000 0.000000 0.000000 0.000000 0.084912 0.393333 0.086652 0.000000 0.000000 0.000000 0.809075 0.000000 0.000000 0.739211 0.000000 0.000000 1.234861 0.000000 0.000000 0.000000 0.000000 0.000000 0.000000 0.000000 0.000000 
0.000000 0.117297 0.000000 0.000000 0.000000 0.000000 0.000000 0.000000 0.000000 0.000000 0.000000 0.000000 0.000000 0.000000 0.000000 0.000000 0.000000 0.000000 0.000000 0.000000 0.000000 0.000000 0.000000 0.000000 0.000000 0.000000 0.000000 0.000000 0.000000 0.000000 0.000000 0.000000 0.000000 0.225715 0.003249 0.347960 0.000000 0.000000 0.000000 0.000000 0.000000 0.000000 0.000000 0.000000 0.457070 0.000000 0.049093 0.000000 0.000000 0.217268 0.000000 0.000000 0.504539 0.000000 0.000000 0.419478 0.000000 0.000000 0.000000 0.000000 0.000000 0.000000 0.000000 0.000000 
0.502702 0.000000 0.000000 0.000000 0.000000 0.000000 0.000000 0.000000 0.000000 0.000000 0.000000 0.081874 0.000000 0.000000 0.000000 0.000000 0.000000 0.519893 0.000000 0.000000 0.000000 0.000000 0.000000 0.000000 0.000000 0.000000 0.000000 1.165114 0.000000 0.000000 0.000000 0.000000 0.921354 0.000000 0.000000 0.000000 0.000000 0.000000 0.000000 0.000000 0.000000 0.000000 0.000000 0.000000 0.000000 0.000000 0.000000 0.478053 0.000000 0.030938 0.000000 0.000000 0.129665 0.000000 0.204527 0.000000 0.000000 0.000000 0.000000 0.000000 0.000000 0.000000 0.000000 0.000000 
1.272368 0.000000 0.000000 0.688970 0.000000 0.306549 0.000000 0.000000 0.000000 0.277187 0.000000 0.000000 0.000000 0.000000 0.000000 0.000000 0.000000 0.800981 0.000000 0.000000 0.000000 0.000000 0.000000 0.000000 0.000000 0.000000 0.472555 1.649848 0.000000 0.000000 0.000000 0.469291 2.226451 0.000000 0.925231 0.000000 0.000000 0.000000 0.000000 0.000000 0.000000 0.102482 0.000000 0.000000 0.000000 0.000000 0.000000 0.503952 0.000000 0.000000 0.000000 0.000000 0.172791 0.000000 0.000000 0.000000 0.000000 0.000000 0.000000 0.000000 0.000000 0.000000 0.029553 0.000000 
1.732337 0.000000 0.000000 1.304074 0.000000 0.000000 0.000000 0.000000 0.000000 0.662803 0.000000 0.000000 0.000000 0.000000 0.000000 0.000000 0.000000 1.169869 0.000000 0.000000 0.000000 0.000000 0.000000 0.000000 0.000000 0.000000 1.270070 0.000000 0.000000 0.000000 0.000000 1.666862 1.355551 0.000000 1.080455 0.000000 0.000000 0.000000 0.000000 0.000000 0.000000 0.133223 0.081742 0.000000 0.000000 0.000000 0.000000 0.000000 0.000000 0.000000 0.000000 0.000000 0.000000 0.000000 0.000000 0.000000 0.475234 0.000000 0.000000 0.000000 0.000000 0.000000 0.000000 0.000000 
1.382730 0.000000 0.000000 1.723323 0.000000 0.425788 0.000000 0.000000 0.000000 0.991933 0.000000 0.000000 0.000000 0.000000 0.000000 0.000000 0.000000 1.486724 0.000000 0.386608 0.000000 0.000000 0.000000 0.000000 0.000000 0.000000 1.815857 0.000000 0.000000 0.000000 0.000000 2.616277 0.000000 0.000000 0.527099 0.000000 0.000000 0.000000 0.000000 0.000000 0.000000 0.383285 0.214879 0.371856 0.000000 0.000000 0.000000 0.000000 0.000000 0.000000 0.000000 0.000000 0.000000 0.000000 0.000000 0.000000 0.000000 0.000000 0.000000 0.000000 0.000000 0.000000 0.000000 0.174998 
1.595489 0.000000 0.000000 1.632479 0.000000 0.897338 0.000000 0.000000 0.000000 0.448106 0.000000 0.000000 0.000000 0.000000 0.000000 0.000000 0.000000 1.813687 0.000000 0.000000 0.000000 0.000000 0.000000 0.000000 0.000000 0.000000 1.993416 0.000000 0.000000 0.000000 0.000000 1.806889 0.000000 0.291271 0.534870 0.000000 0.000000 0.000000 0.000000 0.000000 0.000000 0.360746 0.345183 0.672341 0.000000 0.000000 0.000000 0.000000 0.000000 0.000000 0.000000 0.000000 0.044800 0.000000 0.000000 0.000000 0.000000 0.000000 0.000000 0.000000 0.000000 0.000000 0.264431 0.559920 
1.619363 0.000000 0.000000 1.479541 0.000000 0.476399 0.000000 0.000000 0.000000 0.000000 0.000000 0.000000 0.000000 0.000000 0.000000 0.000000 0.000000 1.643979 0.000000 0.000000 0.000000 0.000000 0.000000 0.000000 0.000000 0.000000 1.884156 0.000000 0.000000 0.000000 0.000000 1.480260 0.000000 0.741262 0.145838 0.000000 0.000000 0.000000 0.000000 0.000000 0.000000 0.115995 0.426799 0.671303 0.000000 0.000000 0.000000 0.000000 0.000000 0.000000 0.000000 0.000000 0.878457 0.000000 0.000000 0.000000 0.249328 0.000000 0.000000 0.000000 0.000000 0.000000 0.339268 0.506156 
1.595089 0.000000 0.000000 1.275433 0.000000 0.013486 0.000000 0.000000 0.000000 0.000000 0.000000 0.000000 0.000000 0.000000 0.000000 0.000000 0.000000 1.364924 0.000000 0.000000 0.000000 0.000000 0.000000 0.000000 0.000000 0.000000 1.551722 0.000000 0.000000 0.000000 0.000000 1.393154 0.000000 0.514678 0.000000 0.000000 0.000000 0.000000 0.000000 0.000000 0.000000 0.000000 0.288359 0.390269 0.000000 0.000000 0.000000 0.000000 0.000000 0.000000 0.000000 0.000000 1.056839 0.000000 0.000000 0.000000 0.227131 0.000000 0.000000 0.000000 0.000000 0.000000 0.258389 0.407384 
0.377009 0.000000 0.000000 0.737707 0.000000 0.000000 0.000000 0.000000 0.000000 0.000000 0.000000 0.000000 0.000000 0.000000 0.000000 0.000000 0.000000 0.352556 0.000000 0.713505 0.000000 0.000000 0.000000 0.000000 0.000000 0.000000 0.442556 0.000000 0.000000 0.000000 0.000000 1.631635 0.000000 0.937116 0.000000 0.000000 0.352997 0.000000 0.000000 0.000000 0.000000 0.090869 0.638911 0.711404 0.000000 0.000000 0.000000 0.000000 0.000000 0.000000 0.000000 0.000000 1.489898 0.000000 0.000000 0.169084 0.000000 0.000000 0.000000 0.000000 0.000000 0.000000 0.000000 0.000000 
0.000000 0.000000 0.000000 0.000000 0.000000 0.000000 0.000000 0.000000 0.000000 0.000000 0.000000 0.000000 0.000000 0.000000 0.000000 0.000000 0.000000 0.000000 0.000000 0.464666 0.000000 0.000000 0.000000 0.000000 0.000000 0.000000 0.123973 0.000000 0.000000 0.000000 0.000000 1.016444 0.000000 0.982158 0.000000 0.000000 1.867044 0.000000 0.000000 0.000000 0.000000 0.000000 0.169569 0.000000 0.000000 0.000000 0.000000 0.000000 0.000000 0.000000 0.000000 0.000000 0.547247 0.000000 0.000000 1.766447 0.000000 0.000000 0.000000 0.000000 0.000000 0.557426 0.000000 0.000000 
0.000000 0.532686 0.943434 0.000000 0.000000 0.000000 0.000000 0.000000 0.000000 0.000000 0.000000 0.000000 0.000000 0.000000 0.000000 0.000000 0.000000 0.000000 0.000000 0.000000 0.000000 0.000000 0.042038 0.000000 0.000000 0.000000 0.000000 0.000000 0.000000 0.000000 0.000000 0.254301 0.000000 1.104364 0.000000 0.000000 0.500850 0.000000 0.000000 0.000000 0.000000 0.000000 0.000000 0.000000 0.000000 0.000000 0.000000 0.000000 0.000000 0.000000 0.000000 0.000000 0.223110 0.000000 0.000000 2.169514 0.000000 0.000000 0.000000 0.000000 0.000000 0.127966 0.000000 0.000000 
0.000000 0.140558 0.531506 0.000000 0.000000 0.000000 0.000000 0.000000 0.000000 0.000000 0.000000 0.000000 0.000000 0.000000 0.000000 0.000000 0.000000 0.000000 0.000000 0.000000 0.000000 0.172046 0.000000 0.000000 0.000000 0.000000 0.000000 0.000000 0.000000 0.190625 0.000000 0.062630 0.000000 0.616978 0.000000 0.000000 0.268674 0.000000 0.000000 0.000000 0.000000 0.000000 0.000000 0.000000 0.000000 0.000000 0.000000 0.000000 0.000000 0.000000 0.000000 0.000000 0.467831 0.000000 0.527099 0.776823 0.000000 0.000000 0.059503 0.000000 0.000000 0.000000 0.000000 0.000000 
0.000000 0.000000 0.000000 0.000000 0.000000 0.195420 0.000000 0.000000 0.000000 0.000000 0.070843 0.791146 0.000000 0.000000 0.000000 0.000000 0.000000 0.000000 0.000000 0.000000 0.000000 0.000000 0.000000 0.000000 0.000000 0.000000 0.000000 0.000000 0.000000 0.000000 0.000000 0.000000 0.697569 0.000000 0.026694 0.000000 0.000000 0.000000 0.000000 0.000000 0.000000 0.000000 0.000000 0.000000 0.000000 0.400296 0.000000 0.000000 0.000000 0.000000 0.000000 0.000000 0.000000 0.000000 0.000000 0.091025 0.000000 0.030265 0.000000 0.000000 0.000000 0.000000 0.000000 0.000000 
0.000000 0.000000 0.000000 0.000000 0.000000 0.287727 0.000000 0.000000 0.000000 0.000000 1.240853 1.411474 0.000000 0.000000 0.000000 0.000000 0.000000 0.000000 0.000000 0.000000 0.000000 0.000000 0.000000 0.000000 0.000000 0.000000 0.000000 0.000000 0.000000 0.000000 1.069826 0.000000 1.387625 0.000000 0.442116 0.000000 0.000000 0.000000 0.000000 0.000000 0.000000 0.000000 0.000000 0.000000 0.732324 0.949892 0.000000 0.000000 0.000000 0.000000 0.000000 0.000000 0.000000 0.000000 0.000000 0.000000 0.275551 0.503970 0.000000 0.462472 0.000000 0.000000 0.000000 0.000000 
0.000000 0.000000 0.000000 0.000000 0.000000 0.126274 0.000000 0.000000 0.000000 0.875002 0.577106 2.335056 0.000000 0.000000 0.000000 0.000000 0.000000 0.000000 0.000000 0.000000 0.013344 0.000000 0.000000 0.000000 0.000000 0.000000 0.000000 0.000000 0.000000 0.000000 0.434591 0.000000 0.886621 0.000000 0.979901 0.000000 0.000000 0.000000 0.000000 0.000000 0.000000 0.000000 0.000000 0.000000 1.143136 0.932393 0.000000 0.000000 0.000000 0.000000 0.000000 0.000000 0.000000 0.000000 0.000000 0.000000 0.000000 1.874139 0.000000 0.532306 0.000000 0.000000 0.000000 0.000000 
0.000000 0.000000 0.000000 0.000000 0.000000 0.783603 0.000000 0.000000 0.000000 1.494357 0.672751 2.463409 0.000000 0.000000 0.000000 0.000000 0.000000 0.000000 0.000000 0.834116 0.000000 0.000000 0.000000 0.000000 0.000000 0.000000 0.000000 0.000000 0.000000 0.000000 0.000000 0.000000 0.260077 0.000000 1.067627 0.000000 0.000000 0.000000 0.000000 0.000000 0.000000 0.000000 0.000000 0.000000 1.138299 0.825908 0.000000 0.000000 0.047647 0.000000 0.000000 0.000000 0.000000 0.000000 0.000000 0.000000 0.000000 2.091282 0.000000 0.000000 0.000000 0.000000 0.000000 0.000000 
0.000000 0.000000 0.000000 0.000000 0.000000 1.255592 0.000000 0.000000 0.000000 1.625066 1.013417 2.383184 0.000000 0.000000 0.000000 0.000000 0.000000 0.000000 0.000000 0.769716 0.000000 0.000000 0.000000 0.000000 0.000000 0.000000 0.000000 0.000000 0.000000 0.000000 0.000000 0.000000 0.600298 0.000000 1.544315 0.000000 0.000000 0.000000 0.000000 0.000000 0.000000 0.000000 0.000000 0.000000 0.697605 1.548295 0.000000 0.000000 0.000000 0.000000 0.000000 0.000000 0.000000 0.000000 0.000000 0.000000 0.000000 1.901803 0.000000 0.000000 0.000000 0.000000 0.000000 0.000000 
0.000000 0.000000 0.000000 0.000000 0.000000 1.407950 0.000000 0.000000 0.000000 1.442838 1.192518 1.999073 0.000000 0.000000 0.000000 0.000000 0.000000 0.000000 0.000000 0.729105 0.000000 0.000000 0.000000 0.000000 0.000000 0.000000 0.000000 0.000000 0.000000 0.000000 0.000000 0.000000 0.343247 0.000000 1.337993 0.000000 0.000000 0.000000 0.000000 0.000000 0.000000 0.000000 0.000000 0.000000 0.494805 1.474244 0.000000 0.000000 0.000000 0.000000 0.000000 0.000000 0.000000 0.000000 0.000000 0.000000 0.000000 1.630155 0.000000 0.000000 0.000000 0.000000 0.000000 0.000000 
0.000000 0.000000 0.000000 0.000000 0.000000 0.443257 0.000000 0.000000 0.000000 0.004662 1.347467 1.283949 0.000000 0.000000 0.000000 0.000000 0.000000 0.000000 0.000000 1.093098 0.000000 0.000000 0.000000 0.000000 0.000000 0.000000 0.000000 0.000000 0.000000 0.000000 0.000000 0.000000 0.000000 0.000000 0.000000 0.000000 0.000000 0.000000 0.000000 0.000000 0.000000 0.000000 0.000000 0.000000 0.547291 1.094172 0.000000 0.000000 0.000000 0.000000 0.000000 0.000000 0.000000 0.000000 0.000000 0.000000 0.000000 2.239104 0.000000 0.000000 0.000000 0.000000 0.000000 0.000000 
0.000000 0.000000 0.000000 0.000000 0.000000 0.000000 0.000000 0.071268 0.000000 0.000000 0.000000 0.107822 0.000000 0.000000 0.000000 0.000000 0.000000 0.000000 0.000000 1.748170 0.000000 0.000000 0.000000 0.232602 0.000000 0.000000 0.000000 0.000000 0.000000 0.000000 0.000000 0.252436 0.000000 0.000000 0.000000 0.000000 0.000000 0.000000 0.000000 0.000000 0.000000 0.000000 0.000000 0.000000 0.866876 0.000000 0.000000 0.000000 0.617651 0.000000 0.000000 0.000000 0.000000 0.360278 0.000000 0.000000 0.000000 1.528957 0.000000 0.000000 0.000000 0.000000 0.000000 0.000000 
0.000000 0.892326 0.000000 0.000000 0.000000 0.000000 0.000000 0.000000 0.000000 0.000000 0.000000 0.000000 0.000000 0.000000 0.000000 0.000000 0.000000 0.000000 0.000000 0.592703 0.000000 0.000000 0.000000 0.000000 0.000000 0.000000 0.000000 0.000000 0.000000 0.000000 0.000000 0.000000 0.000000 0.000000 0.000000 0.000000 0.000000 0.000000 0.000000 0.000000 0.000000 0.000000 0.000000 0.000000 0.000000 0.000000 0.000000 0.000000 0.877376 0.000000 0.000000 0.000000 0.000000 0.000000 0.000000 0.000000 0.000000 0.000000 0.000000 0.000000 0.000000 0.000000 0.000000 0.000000 
0.000000 1.254725 1.869413 0.000000 0.000000 0.000000 0.000000 0.000000 0.000000 0.353771 0.000000 0.000000 0.000000 0.000000 0.000000 0.000000 0.000000 0.000000 0.000000 0.234960 0.000000 0.000000 0.000000 0.000000 0.000000 0.000000 0.000000 0.000000 0.007193 1.390761 0.000000 0.000000 0.000000 0.000000 0.000000 0.000000 0.790999 0.000000 0.000000 0.000000 0.000000 0.000000 0.000000 0.000000 0.000000 0.000000 0.000000 0.000000 0.241923 0.000000 0.000000 0.000000 0.000000 0.000000 0.084822 0.000000 0.000000 0.000000 0.000000 0.000000 0.000000 0.000000 0.000000 0.000000 
0.000000 0.000000 0.903326 0.000000 0.000000 0.000000 0.000000 0.000000 0.000000 0.140746 0.000000 0.000000 0.000000 0.000000 0.000000 0.000000 0.000000 0.000000 0.000000 0.000000 0.000000 0.000000 0.000000 0.000000 0.000000 0.000000 0.074253 0.000000 0.000000 0.818212 0.000000 0.000000 0.000000 0.000000 0.000000 0.000000 0.605115 0.406115 0.000000 0.000000 0.000000 0.000000 0.000000 0.000000 0.000000 0.000000 0.000000 0.000000 0.000000 0.000000 0.000000 0.157020 0.000000 0.000000 1.188737 0.000000 0.000000 0.000000 0.761393 0.000000 0.000000 0.000000 0.000000 0.000000 
0.000000 0.000000 0.252093 0.000000 0.000000 0.000000 0.000000 0.427692 0.000000 0.000000 0.213363 0.000000 0.000000 0.000000 0.000000 0.000000 0.000000 0.000000 0.000000 0.000000 0.141531 0.000000 0.000000 0.000000 0.000000 0.000000 0.000000 0.000000 0.000000 0.000000 0.000000 0.000000 0.031053 0.552576 0.000000 0.000000 0.000000 0.000000 0.000000 0.000000 0.000000 0.000000 0.000000 0.052171 0.000000 0.000000 0.000000 0.000000 0.000000 0.316900 0.000000 0.000000 0.000000 0.000000 0.000000 0.018896 0.000000 0.000000 0.000000 0.000000 0.000000 0.000000 0.000000 0.000000 
0.000000 0.000000 0.041570 0.000000 0.000000 0.000000 0.000000 0.501582 0.000000 0.000000 0.532835 0.100602 0.000000 0.000000 0.000000 0.000000 0.000000 0.000000 0.000000 0.000000 1.168428 0.000000 0.000000 0.000000 0.000000 0.000000 0.000000 0.000000 0.000000 0.000000 0.000000 0.000000 0.111660 1.042940 0.044267 0.000000 0.000000 0.388955 0.000000 0.000000 0.000000 0.000000 0.000000 0.309976 0.000000 0.000000 0.000000 0.000000 0.000000 0.099551 0.000000 0.000000 0.000000 0.000000 0.000000 0.000000 0.000000 0.000000 0.000000 0.000000 0.000000 0.000000 0.000000 0.000000 
0.000000 0.000000 0.000000 0.000000 0.000000 0.000000 0.000000 0.423848 0.000000 0.000000 0.000000 0.607199 0.000000 0.000000 0.000000 0.000000 0.000000 0.000000 0.000000 0.000000 1.465334 0.000000 0.000000 0.000000 0.000000 0.000000 0.000000 0.000000 0.000000 0.000000 0.396437 0.000000 0.065222 1.117630 0.150819 0.367628 0.000000 0.152432 0.000000 0.000000 0.000000 0.000000 0.000000 0.447919 0.000000 0.000000 0.000000 0.000000 0.000000 0.000000 0.000000 0.000000 0.000000 0.000000 0.000000 0.000000 0.000000 0.000000 0.000000 0.000000 0.000000 0.000000 0.000000 0.000000 
0.000000 0.000000 0.000000 0.000000 0.000000 0.000000 0.000000 0.409577 0.000000 0.000000 0.000000 0.587515 0.000000 0.000000 0.000000 0.000000 0.000000 0.000000 0.000000 0.000000 1.464143 0.000000 0.000000 0.000000 0.000000 0.000000 0.000000 0.000000 0.000000 0.000000 0.668970 0.000000 0.000000 1.227859 0.038175 0.587264 0.000000 0.063648 0.000000 0.000000 0.000000 0.000000 0.000000 0.641451 0.000000 0.000000 0.000000 0.000000 0.000000 0.000000 0.000000 0.000000 0.000000 0.000000 0.000000 0.000000 0.000000 0.000000 0.000000 0.000000 0.000000 0.000000 0.000000 0.000000 
0.000000 0.000000 0.000000 0.000000 0.000000 0.000000 0.000000 0.180816 0.000000 0.000000 0.000000 0.769897 0.000000 0.000000 0.000000 0.000000 0.000000 0.000000 0.000000 0.000000 1.817750 0.000000 0.000000 0.000000 0.000000 0.000000 0.000000 0.000000 0.000000 0.000000 0.823509 0.000000 0.075445 1.197958 0.235483 0.702381 0.000000 0.129590 0.000000 0.000000 0.000000 0.000000 0.000000 0.510889 0.000000 0.000000 0.000000 0.000000 0.000000 0.000000 0.000000 0.000000 0.000000 0.000000 0.000000 0.000000 0.000000 0.000000 0.000000 0.000000 0.000000 0.000000 0.000000 0.000000 
0.000000 0.000000 0.000000 0.000000 0.000000 0.000000 0.000000 0.018497 0.000000 0.000000 0.048376 0.307529 0.000000 0.000000 0.000000 0.000000 0.000000 0.000000 0.000000 0.000000 1.633175 0.000000 0.000000 0.000000 0.000000 0.000000 0.000000 0.000000 0.000000 0.000000 0.305244 0.000000 0.000000 0.697317 0.000000 0.000000 0.000000 0.657728 0.000000 0.000000 0.000000 0.000000 0.000000 0.245774 0.000000 0.000000 0.000000 0.000000 0.000000 0.000000 0.000000 0.000000 0.000000 0.000000 0.000000 0.000000 0.000000 0.000000 0.000000 0.000000 0.027819 0.000000 0.000000 0.000000 
0.000000 0.000000 0.000000 0.000000 0.000000 0.000000 0.000000 0.000000 0.000000 0.000000 0.000000 0.000000 0.000000 0.000000 0.000000 0.000000 0.000000 0.000000 0.000000 0.000000 1.006930 0.000000 0.000000 0.000000 0.000000 0.000000 0.000000 0.000000 0.000000 0.000000 0.000000 0.000000 0.000000 0.000000 0.000000 0.000000 0.000000 0.559959 0.000000 0.000000 0.000000 0.000000 0.000000 0.000000 0.000000 0.000000 0.000000 0.000000 0.000000 0.000000 0.000000 0.000000 0.000000 0.000000 0.000000 0.000000 0.000000 0.000000 0.000000 0.000000 0.000000 0.000000 0.000000 0.000000 
0.000000 0.000000 0.000000 0.000000 0.000000 0.000000 0.000000 0.000000 0.000000 0.000000 0.000000 0.000000 0.000000 0.534239 0.000000 0.000000 0.000000 0.000000 0.196941 0.000000 0.000000 0.000000 0.000000 0.000000 0.000000 0.000000 0.000000 0.000000 0.000000 0.000000 1.326324 0.000000 0.000000 0.000000 0.000000 0.000000 0.000000 0.000000 0.000000 0.000000 0.000000 0.000000 0.000000 0.000000 0.000000 0.000000 0.000000 0.000000 0.000000 0.000000 0.000000 0.000000 0.000000 0.907489 0.000000 0.000000 0.000000 0.000000 0.000000 0.000000 0.812154 0.000000 0.000000 0.000000 
0.000000 2.531389 0.000000 0.000000 0.000000 0.000000 0.000000 0.000000 0.000000 0.000000 0.000000 0.000000 0.000000 0.000000 0.101808 0.000000 0.000000 0.000000 0.857783 0.000000 0.000000 0.000000 0.000000 0.000000 0.000000 0.000000 0.000000 0.000000 0.679809 0.016289 0.000000 0.000000 0.000000 0.000000 0.000000 0.000000 0.000000 0.000000 0.000000 0.000000 0.000000 0.000000 0.000000 0.000000 0.000000 0.000000 0.000000 0.000000 0.000000 0.000000 0.000000 0.000000 0.000000 0.000000 0.000000 0.000000 0.137994 0.000000 0.000000 0.000000 0.313456 0.000000 0.000000 0.000000 
0.000000 0.051667 0.632843 0.000000 0.000000 0.000000 0.000000 0.000000 0.405138 0.225143 0.000000 0.000000 0.000000 0.000000 0.000000 0.000000 0.000000 0.000000 0.000000 0.000000 0.000000 0.000000 0.000000 0.000000 0.000000 0.000000 0.000000 0.000000 0.000000 1.913357 0.000000 0.000000 0.000000 0.000000 0.000000 0.000000 0.000000 0.142700 0.000000 0.000000 0.000000 0.000000 0.000000 0.000000 0.000000 0.000000 0.000000 0.000000 0.000000 0.000000 0.000000 1.242256 0.000000 0.000000 0.967093 0.000000 0.000000 0.000000 0.000000 0.000000 0.000000 0.000000 0.000000 0.000000 
0.000000 0.000000 0.420688 0.000000 0.000000 0.000000 0.000000 0.000000 0.000000 0.000000 0.000000 0.000000 0.000000 0.000000 0.000000 0.000000 0.000000 0.000000 0.000000 0.000000 0.000000 0.000000 0.000000 0.000000 0.000000 0.000000 0.000000 0.051776 0.000000 0.590538 0.000000 0.000000 0.000000 0.000000 0.000000 0.836194 0.000000 0.559053 0.000000 0.000000 0.000000 0.000000 0.000000 0.000000 0.000000 0.000000 0.000000 0.000000 0.000000 0.000000 0.000000 0.101194 0.000000 0.885894 0.692000 0.000000 0.000000 0.000000 0.624584 0.000000 0.000000 0.000000 0.000000 0.000000 
0.000000 0.000000 0.000000 0.000000 0.000000 0.000000 0.000000 0.000000 0.000000 0.000000 0.000000 0.000000 0.000000 0.000000 0.000000 0.000000 0.000000 0.000000 0.000000 0.000000 0.000000 0.000000 0.000000 0.000000 0.000000 0.000000 0.000000 0.000000 0.000000 0.008653 0.000000 0.000000 0.000000 0.000000 0.000000 0.162968 0.000000 0.000000 0.000000 0.000000 0.000000 0.000000 0.000000 0.000000 0.000000 0.000000 0.000000 0.000000 0.000000 0.000000 0.000000 0.025373 0.018891 0.000000 0.000000 0.000000 0.000000 0.000000 0.000000 0.000000 0.000000 0.000000 0.000000 0.000000 
0.000000 0.000000 0.000000 0.000000 0.000000 0.000000 0.000000 0.000000 0.000000 0.000000 0.000000 0.000000 0.000000 0.000000 0.000000 0.000000 0.000000 0.000000 0.000000 0.000000 0.000000 0.000000 0.000000 0.000000 0.000000 0.000000 0.000000 0.000000 0.000000 0.008653 0.000000 0.000000 0.000000 0.000000 0.000000 0.162968 0.000000 0.000000 0.000000 0.000000 0.000000 0.000000 0.000000 0.000000 0.000000 0.000000 0.000000 0.000000 0.000000 0.000000 0.000000 0.025373 0.018891 0.000000 0.000000 0.000000 0.000000 0.000000 0.000000 0.000000 0.000000 0.000000 0.000000 0.000000 
0.000000 0.000000 0.000000 0.000000 0.000000 0.000000 0.000000 0.000000 0.000000 0.000000 0.000000 0.000000 0.000000 0.000000 0.000000 0.000000 0.000000 0.000000 0.000000 0.000000 0.000000 0.000000 0.000000 0.000000 0.000000 0.000000 0.000000 0.000000 0.000000 0.001883 0.000000 0.000000 0.000000 0.000000 0.000000 0.155650 0.000000 0.000000 0.000000 0.000000 0.000000 0.000000 0.000000 0.000000 0.000000 0.000000 0.000000 0.000000 0.000000 0.000000 0.000000 0.014470 0.010588 0.000000 0.000000 0.000000 0.000000 0.000000 0.000000 0.000000 0.000000 0.000000 0.000000 0.000000 
0.000000 0.000000 0.000000 0.000000 0.000000 0.000000 0.000000 0.000000 0.000000 0.000000 0.053268 0.000000 0.000000 0.000000 0.000000 0.000000 0.000000 0.000000 0.000000 0.000000 0.059056 0.000000 0.000000 0.000000 0.000000 0.000000 0.000000 0.000000 0.000000 0.000000 0.000000 0.000000 0.024673 0.086219 0.000000 0.099490 0.000000 0.000000 0.000000 0.000000 0.000000 0.000000 0.000000 0.000000 0.000000 0.000000 0.000000 0.000000 0.000000 0.000000 0.000000 0.000000 0.000000 0.000000 0.000000 0.000000 0.000000 0.000000 0.000000 0.000000 0.000000 0.000000 0.000000 0.000000 
0.000000 0.000000 0.000000 0.000000 0.000000 0.000000 0.000000 0.000000 0.000000 0.000000 0.097331 0.000000 0.000000 0.000000 0.000000 0.000000 0.000000 0.000000 0.000000 0.000000 0.106218 0.000000 0.000000 0.000000 0.000000 0.000000 0.000000 0.000000 0.000000 0.000000 0.000000 0.000000 0.000000 0.078022 0.000000 0.000000 0.000000 0.000000 0.000000 0.000000 0.000000 0.000000 0.000000 0.000000 0.000000 0.000000 0.000000 0.000000 0.000000 0.000000 0.000000 0.000000 0.000000 0.000000 0.000000 0.000000 0.000000 0.000000 0.000000 0.000000 0.000000 0.000000 0.000000 0.000000 
0.000000 0.000000 0.000000 0.000000 0.000000 0.000000 0.000000 0.000000 0.000000 0.000000 0.000000 0.000000 0.000000 0.000000 0.000000 0.000000 0.000000 0.000000 0.000000 0.000000 0.000000 0.000000 0.000000 0.000000 0.000000 0.000000 0.000000 0.000000 0.000000 0.000000 0.000000 0.000000 0.000000 0.000000 0.000000 0.000000 0.000000 0.460301 0.000000 0.000000 0.000000 0.000000 0.000000 0.000000 0.000000 0.000000 0.000000 0.000000 0.000000 0.000000 0.000000 0.123237 0.185777 0.000000 0.194216 0.000000 0.000000 0.000000 0.522805 0.000000 0.000000 0.000000 0.000000 0.000000 
0.000000 0.000000 0.000000 0.000000 0.239540 0.000000 0.000000 0.000000 0.000000 0.000000 0.000000 0.000000 0.000000 0.979315 0.000000 0.000000 0.000000 0.000000 0.000000 0.000000 0.000000 1.719371 0.586894 0.119909 0.000000 0.000000 0.000000 0.000000 0.000000 0.000000 0.000000 0.000000 0.000000 0.000000 0.000000 0.000000 0.000000 0.000000 0.000000 0.000000 1.229411 0.000000 0.000000 0.000000 0.000000 0.000000 0.000000 0.000000 0.000000 0.000000 0.000000 0.000000 0.000000 1.600939 0.000000 0.000000 0.000000 0.000000 1.417484 0.000000 0.497423 0.000000 0.000000 0.000000 
0.000000 1.363582 0.000000 0.000000 0.000000 0.000000 0.000000 0.000000 0.000000 0.000000 0.000000 0.000000 0.000000 1.804078 0.234470 0.000000 0.000000 0.000000 1.171176 0.000000 0.000000 0.000000 1.073322 0.000000 0.000000 0.000000 0.000000 0.000000 1.186808 0.000000 0.310633 0.000000 0.000000 0.000000 0.000000 0.000000 0.000000 0.000000 0.000000 0.000000 0.000000 0.000000 0.000000 0.000000 0.000000 0.000000 0.000000 0.000000 0.000000 0.000000 0.000000 0.000000 0.000000 0.315103 0.000000 0.000000 0.240847 0.000000 0.000000 0.000000 1.815863 0.000000 0.000000 0.000000 
0.000000 0.909026 0.000000 0.000000 0.000000 0.000000 0.000000 0.000000 0.215026 0.000000 0.170911 0.000000 0.000000 0.000000 0.534972 0.498664 0.000000 0.000000 0.000000 0.000000 0.000000 0.000000 0.000000 0.000000 0.000000 0.000000 0.265859 0.000000 0.670695 1.447273 0.000000 0.000000 0.000000 0.000000 0.000000 0.000000 0.000000 0.000000 0.000000 0.000000 0.000000 0.000000 0.000000 0.000000 0.000000 0.000000 0.000000 0.000000 0.000000 0.000000 0.000000 0.663422 0.000000 0.000000 0.000000 0.000000 0.000000 0.000000 0.000000 0.000000 0.000000 0.000000 0.000000 0.000000 
0.000000 0.000000 0.028615 0.000000 0.000000 0.000000 0.000000 0.000000 0.000000 0.000000 0.184161 0.000000 0.000000 0.000000 0.000000 0.000000 0.000000 0.000000 0.000000 0.000000 0.000000 0.000000 0.000000 0.000000 0.000000 0.106936 0.000000 0.000000 0.000000 1.248011 0.000000 0.000000 0.000000 0.000000 0.000000 0.728645 0.000000 0.727533 0.000000 0.000000 0.000000 0.000000 0.000000 0.000000 0.000000 0.000000 0.000000 0.251457 0.000000 0.000000 0.000000 0.782948 0.000000 0.000000 0.954109 0.000000 0.000000 0.000000 0.719817 0.000000 0.000000 0.000000 0.000000 0.000000 
0.000000 0.000000 0.060818 0.000000 0.000000 0.000000 0.000000 0.000000 0.000000 0.000000 0.000000 0.000000 0.000000 0.000000 0.000000 0.000000 0.000000 0.004986 0.000000 0.000000 0.000000 0.000000 0.000000 0.000000 0.000000 0.000000 0.000000 0.404406 0.000000 0.101078 0.000000 0.000000 0.000000 0.000000 0.000000 0.868487 0.000000 0.078817 0.000000 0.000000 0.000000 0.000000 0.000000 0.000000 0.000000 0.000000 0.000000 0.000000 0.000000 0.000000 0.000000 0.000000 0.000000 0.516100 0.025719 0.000000 0.000000 0.000000 0.183765 0.000000 0.000000 0.000000 0.000000 0.000000 
0.000000 0.000000 0.000000 0.000000 0.000000 0.000000 0.000000 0.000000 0.000000 0.000000 0.000000 0.000000 0.000000 0.000000 0.000000 0.000000 0.000000 0.000000 0.000000 0.000000 0.000000 0.000000 0.000000 0.000000 0.000000 0.000000 0.000000 0.000000 0.000000 0.008653 0.000000 0.000000 0.000000 0.000000 0.000000 0.162968 0.000000 0.000000 0.000000 0.000000 0.000000 0.000000 0.000000 0.000000 0.000000 0.000000 0.000000 0.000000 0.000000 0.000000 0.000000 0.025373 0.018891 0.000000 0.000000 0.000000 0.000000 0.000000 0.000000 0.000000 0.000000 0.000000 0.000000 0.000000 
0.000000 0.000000 0.000000 0.000000 0.000000 0.000000 0.000000 0.000000 0.000000 0.000000 0.000000 0.000000 0.000000 0.000000 0.000000 0.000000 0.000000 0.000000 0.000000 0.000000 0.000000 0.000000 0.000000 0.000000 0.000000 0.000000 0.000000 0.000000 0.000000 0.008653 0.000000 0.000000 0.000000 0.000000 0.000000 0.162968 0.000000 0.000000 0.000000 0.000000 0.000000 0.000000 0.000000 0.000000 0.000000 0.000000 0.000000 0.000000 0.000000 0.000000 0.000000 0.025373 0.018891 0.000000 0.000000 0.000000 0.000000 0.000000 0.000000 0.000000 0.000000 0.000000 0.000000 0.000000 
0.000000 0.000000 0.000000 0.000000 0.000000 0.000000 0.000000 0.000000 0.000000 0.000000 0.000000 0.000000 0.000000 0.000000 0.000000 0.000000 0.000000 0.000000 0.000000 0.000000 0.000000 0.000000 0.000000 0.000000 0.000000 0.000000 0.000000 0.000000 0.000000 0.008653 0.000000 0.000000 0.000000 0.000000 0.000000 0.162968 0.000000 0.000000 0.000000 0.000000 0.000000 0.000000 0.000000 0.000000 0.000000 0.000000 0.000000 0.000000 0.000000 0.000000 0.000000 0.025373 0.018891 0.000000 0.000000 0.000000 0.000000 0.000000 0.000000 0.000000 0.000000 0.000000 0.000000 0.000000 
0.000000 0.000000 0.000000 0.000000 0.000000 0.000000 0.000000 0.000000 0.000000 0.000000 0.000570 0.000000 0.000000 0.000000 0.000000 0.000000 0.000000 0.000000 0.000000 0.000000 0.000000 0.000000 0.000000 0.000000 0.000000 0.000000 0.000000 0.000000 0.000000 0.011876 0.000000 0.000000 0.000000 0.000000 0.000000 0.148602 0.000000 0.000000 0.000000 0.000000 0.000000 0.000000 0.000000 0.000000 0.000000 0.000000 0.000000 0.000000 0.000000 0.000000 0.000000 0.024827 0.012194 0.000000 0.000000 0.000000 0.000000 0.000000 0.000000 0.000000 0.000000 0.000000 0.000000 0.000000 
0.000000 0.000000 0.000000 0.000000 0.000000 0.000000 0.000000 0.000000 0.000000 0.000000 0.141351 0.000000 0.000000 0.000000 0.000000 0.000000 0.000000 0.000000 0.000000 0.000000 0.000000 0.000000 0.000000 0.000000 0.000000 0.000000 0.000000 0.000000 0.000000 0.000000 0.000000 0.000000 0.000000 0.000000 0.000000 0.000000 0.000000 0.287698 0.000000 0.000000 0.000000 0.000000 0.000000 0.000000 0.000000 0.000000 0.000000 0.000000 0.000000 0.027076 0.000000 0.092427 0.298510 0.000000 0.000000 0.000000 0.000000 0.085230 0.235241 0.000000 0.000000 0.000000 0.000000 0.000000 
0.000000 0.000000 0.000000 0.000000 0.109020 0.000000 0.000000 0.000000 0.107594 0.000000 0.000000 0.000000 0.000000 0.304301 0.000000 0.000000 0.000000 0.000000 0.000000 0.000000 0.000000 1.173265 0.000000 0.000000 0.099692 0.000000 0.000000 0.000000 0.000000 0.000000 0.000000 0.000000 0.000000 0.000000 0.000000 0.000000 0.000000 0.000000 0.000000 0.123561 1.180926 0.000000 0.000000 0.000000 0.000000 0.000000 0.000000 0.000000 0.000000 0.000000 0.000000 0.000000 0.270102 0.844542 0.436146 0.000000 0.000000 0.112545 1.326031 0.000000 0.000000 0.035595 0.000000 0.000000 
0.000000 0.000000 0.000000 0.000000 0.275649 0.000000 0.000000 0.000000 0.000000 0.000000 0.000000 0.000000 0.000000 2.029214 0.000000 0.097261 0.000000 0.000000 0.660473 0.000000 0.000000 1.984340 1.673779 0.000000 0.000000 0.000000 0.000000 0.000000 0.404888 0.000000 0.471398 0.000000 0.000000 0.000000 0.000000 0.000000 0.000000 0.000000 0.000000 0.000000 0.000000 0.000000 0.000000 0.000000 0.000000 0.000000 0.000000 0.000000 0.000000 0.000000 0.000000 0.000000 0.000000 1.693157 0.000000 0.000000 0.000000 0.000000 0.000000 0.000000 1.368828 0.000000 0.000000 0.000000 
0.000000 1.948777 0.000000 0.314261 0.000000 0.000000 0.000000 0.000000 0.000000 0.000000 0.239313 0.000000 0.000000 0.320458 1.075353 0.706921 0.000000 0.000000 0.409498 0.000000 0.000000 0.000000 0.000000 0.000000 0.000000 0.000000 0.000000 0.000000 1.523187 0.000000 0.000000 0.000000 0.000000 0.000000 0.000000 0.000000 0.000000 0.000000 0.000000 0.000000 0.000000 0.000000 0.000000 0.000000 0.000000 0.000000 0.000000 0.000000 0.000000 0.000000 0.000000 0.000000 0.000000 0.000000 0.000000 0.000000 0.651502 0.000000 0.000000 0.000000 0.445028 0.000000 0.000000 0.000000 
0.000000 0.000000 0.000000 0.000000 0.000000 0.000000 0.000000 0.000000 0.627244 0.015760 0.302323 0.000000 0.000000 0.000000 0.006202 0.237467 0.000000 0.000000 0.000000 0.000000 0.000000 0.000000 0.000000 0.000000 0.000000 0.000000 0.483883 0.000000 0.000000 1.660203 0.000000 0.000000 0.000000 0.000000 0.000000 0.154847 0.000000 0.410920 0.000000 0.000000 0.000000 0.000000 0.000000 0.000000 0.000000 0.000000 0.000000 0.004735 0.000000 0.000000 0.000000 1.293945 0.000000 0.000000 0.799737 0.000000 0.000000 0.000000 0.000000 0.000000 0.000000 0.000000 0.000000 0.000000 
0.000000 0.000000 0.087438 0.000000 0.000000 0.000000 0.000000 0.000000 0.000000 0.000000 0.000000 0.000000 0.000000 0.000000 0.000000 0.000000 0.000000 0.010962 0.000000 0.000000 0.000000 0.000000 0.000000 0.000000 0.000000 0.000000 0.000000 0.408127 0.000000 0.432116 0.000000 0.000000 0.000000 0.000000 0.000000 1.280081 0.000000 0.462832 0.000000 0.000000 0.000000 0.000000 0.000000 0.000000 0.000000 0.000000 0.000000 0.165725 0.000000 0.000000 0.000000 0.036408 0.000000 0.737708 0.402164 0.000000 0.000000 0.000000 0.408724 0.000000 0.000000 0.000000 0.000000 0.000000 
0.000000 0.000000 0.000000 0.000000 0.000000 0.000000 0.000000 0.000000 0.000000 0.000000 0.000000 0.000000 0.000000 0.000000 0.000000 0.000000 0.000000 0.000000 0.000000 0.000000 0.000000 0.000000 0.000000 0.000000 0.000000 0.000000 0.000000 0.027963 0.000000 0.000000 0.000000 0.000000 0.000000 0.000000 0.000000 0.292905 0.000000 0.000000 0.000000 0.000000 0.000000 0.000000 0.000000 0.000000 0.000000 0.000000 0.000000 0.000000 0.000000 0.000000 0.000000 0.000000 0.000000 0.049520 0.000000 0.000000 0.000000 0.000000 0.000000 0.000000 0.000000 0.000000 0.000000 0.000000 
0.000000 0.000000 0.000000 0.000000 0.000000 0.000000 0.000000 0.000000 0.000000 0.000000 0.000000 0.000000 0.000000 0.000000 0.000000 0.000000 0.000000 0.000000 0.000000 0.000000 0.000000 0.000000 0.000000 0.000000 0.000000 0.000000 0.000000 0.000000 0.000000 0.008653 0.000000 0.000000 0.000000 0.000000 0.000000 0.162968 0.000000 0.000000 0.000000 0.000000 0.000000 0.000000 0.000000 0.000000 0.000000 0.000000 0.000000 0.000000 0.000000 0.000000 0.000000 0.025373 0.018891 0.000000 0.000000 0.000000 0.000000 0.000000 0.000000 0.000000 0.000000 0.000000 0.000000 0.000000 
0.000000 0.000000 0.000000 0.000000 0.000000 0.000000 0.000000 0.000000 0.000000 0.000000 0.000000 0.000000 0.000000 0.000000 0.000000 0.000000 0.000000 0.000000 0.000000 0.000000 0.000000 0.000000 0.000000 0.000000 0.000000 0.000000 0.000000 0.000000 0.000000 0.008653 0.000000 0.000000 0.000000 0.000000 0.000000 0.162968 0.000000 0.000000 0.000000 0.000000 0.000000 0.000000 0.000000 0.000000 0.000000 0.000000 0.000000 0.000000 0.000000 0.000000 0.000000 0.025373 0.018891 0.000000 0.000000 0.000000 0.000000 0.000000 0.000000 0.000000 0.000000 0.000000 0.000000 0.000000 
0.000000 0.000000 0.000000 0.000000 0.000000 0.000000 0.000000 0.000000 0.000000 0.000000 0.000000 0.000000 0.000000 0.000000 0.000000 0.000000 0.000000 0.000000 0.000000 0.000000 0.000000 0.000000 0.000000 0.000000 0.000000 0.000000 0.000000 0.000000 0.000000 0.008653 0.000000 0.000000 0.000000 0.000000 0.000000 0.162968 0.000000 0.000000 0.000000 0.000000 0.000000 0.000000 0.000000 0.000000 0.000000 0.000000 0.000000 0.000000 0.000000 0.000000 0.000000 0.025373 0.018891 0.000000 0.000000 0.000000 0.000000 0.000000 0.000000 0.000000 0.000000 0.000000 0.000000 0.000000 
0.000000 0.000000 0.000000 0.000000 0.000000 0.000000 0.000000 0.000000 0.000000 0.000000 0.073038 0.000000 0.000000 0.000000 0.000000 0.000000 0.000000 0.000000 0.000000 0.000000 0.000000 0.000000 0.000000 0.000000 0.000000 0.000000 0.000000 0.000000 0.000000 0.006118 0.000000 0.000000 0.000000 0.000000 0.000000 0.000000 0.000000 0.133977 0.000000 0.000000 0.000000 0.000000 0.000000 0.000000 0.000000 0.000000 0.000000 0.000000 0.000000 0.003225 0.000000 0.000000 0.107722 0.000000 0.000000 0.000000 0.000000 0.000000 0.093592 0.000000 0.000000 0.000000 0.000000 0.000000 
0.000000 0.000000 0.000000 0.000000 0.000000 0.000000 0.000000 0.000000 0.083965 0.000000 0.000000 0.000000 0.000000 0.000000 0.000000 0.000000 0.000000 0.000000 0.000000 0.000000 0.000000 0.312957 0.000000 0.000000 0.006324 0.000000 0.000000 0.360524 0.000000 0.000000 0.000000 0.000000 0.000000 0.000000 0.000000 0.000000 0.000000 0.474001 0.000000 0.000000 0.835965 0.000000 0.000000 0.000000 0.000000 0.000000 0.000000 0.000000 0.000000 0.000000 0.000000 0.065770 0.987720 0.437680 0.392786 0.000000 0.000000 0.097253 0.952528 0.000000 0.000000 0.093381 0.000000 0.000000 
0.000000 0.000000 0.000000 0.000000 0.254501 0.000000 0.000000 0.000000 0.000000 0.000000 0.000000 0.000000 0.000000 1.075119 0.000000 0.000000 0.000000 0.000000 0.000000 0.000000 0.000000 2.179850 1.306468 0.000000 0.000000 0.000000 0.000000 0.000000 0.000000 0.000000 0.000000 0.000000 0.000000 0.000000 0.000000 0.000000 0.000000 0.000000 0.000000 0.000000 1.683500 0.000000 0.000000 0.000000 0.000000 0.000000 0.000000 0.000000 0.000000 0.000000 0.000000 0.000000 0.000000 1.827528 0.000000 0.000000 0.000000 0.000000 0.843915 0.000000 0.555459 0.000000 0.026856 0.000000 
0.000000 2.104026 0.000000 0.000000 0.000000 0.000000 0.000000 0.000000 0.000000 0.000000 0.000000 0.000000 0.000000 2.020882 0.121165 0.000000 0.000000 0.000000 1.553249 0.000000 0.000000 0.000000 1.384473 0.000000 0.000000 0.000000 0.000000 0.000000 1.371232 0.000000 0.000000 0.000000 0.000000 0.000000 0.000000 0.000000 0.000000 0.000000 0.000000 0.000000 0.000000 0.000000 0.000000 0.000000 0.000000 0.000000 0.000000 0.000000 0.000000 0.000000 0.000000 0.000000 0.000000 0.000000 0.000000 0.000000 0.664670 0.000000 0.000000 0.000000 1.213810 0.000000 0.000000 0.000000 
0.000000 0.784006 0.000000 0.000000 0.000000 0.000000 0.000000 0.000000 0.298663 0.000000 0.000000 0.000000 0.000000 0.000000 0.382895 0.414470 0.000000 0.000000 0.000000 0.000000 0.000000 0.000000 0.000000 0.000000 0.000000 0.000000 0.376254 0.000000 0.532806 1.569339 0.000000 0.000000 0.000000 0.000000 0.000000 0.000000 0.000000 0.000000 0.000000 0.000000 0.000000 0.000000 0.000000 0.000000 0.000000 0.000000 0.000000 0.000000 0.000000 0.000000 0.000000 0.851396 0.000000 0.000000 0.000000 0.000000 0.000000 0.000000 0.000000 0.000000 0.000000 0.000000 0.000000 0.000000 
0.117219 0.000000 0.151818 0.000000 0.000000 0.000000 0.000000 0.000000 0.000000 0.000000 0.038402 0.000000 0.000000 0.000000 0.000000 0.000000 0.000000 0.000000 0.000000 0.000000 0.000000 0.000000 0.000000 0.000000 0.000000 0.080287 0.000000 0.000000 0.000000 1.128822 0.000000 0.000000 0.000000 0.000000 0.000000 0.715294 0.000000 0.655613 0.000000 0.000000 0.000000 0.000000 0.000000 0.000000 0.000000 0.000000 0.000000 0.374896 0.000000 0.000000 0.000000 0.586161 0.000000 0.000000 0.969143 0.000000 0.000000 0.000000 0.812435 0.000000 0.000000 0.000000 0.000000 0.000000 
0.000000 0.000000 0.060191 0.000000 0.000000 0.000000 0.000000 0.000000 0.000000 0.000000 0.000000 0.000000 0.000000 0.000000 0.000000 0.000000 0.000000 0.000000 0.000000 0.000000 0.000000 0.000000 0.000000 0.000000 0.000000 0.000000 0.000000 0.396914 0.000000 0.055434 0.000000 0.000000 0.000000 0.000000 0.000000 0.806742 0.000000 0.007775 0.000000 0.000000 0.000000 0.000000 0.000000 0.000000 0.000000 0.000000 0.000000 0.000000 0.000000 0.000000 0.000000 0.000000 0.000000 0.422314 0.000000 0.000000 0.000000 0.000000 0.114258 0.000000 0.000000 0.000000 0.000000 0.000000 
0.000000 0.000000 0.000000 0.000000 0.000000 0.000000 0.000000 0.000000 0.000000 0.000000 0.000000 0.000000 0.000000 0.000000 0.000000 0.000000 0.000000 0.000000 0.000000 0.000000 0.000000 0.000000 0.000000 0.000000 0.000000 0.000000 0.000000 0.000000 0.000000 0.008653 0.000000 0.000000 0.000000 0.000000 0.000000 0.162968 0.000000 0.000000 0.000000 0.000000 0.000000 0.000000 0.000000 0.000000 0.000000 0.000000 0.000000 0.000000 0.000000 0.000000 0.000000 0.025373 0.018891 0.000000 0.000000 0.000000 0.000000 0.000000 0.000000 0.000000 0.000000 0.000000 0.000000 0.000000 
0.000000 0.000000 0.000000 0.000000 0.000000 0.000000 0.000000 0.000000 0.000000 0.000000 0.000000 0.000000 0.000000 0.000000 0.000000 0.000000 0.000000 0.000000 0.000000 0.000000 0.000000 0.000000 0.000000 0.000000 0.000000 0.000000 0.000000 0.000000 0.000000 0.008653 0.000000 0.000000 0.000000 0.000000 0.000000 0.162968 0.000000 0.000000 0.000000 0.000000 0.000000 0.000000 0.000000 0.000000 0.000000 0.000000 0.000000 0.000000 0.000000 0.000000 0.000000 0.025373 0.018891 0.000000 0.000000 0.000000 0.000000 0.000000 0.000000 0.000000 0.000000 0.000000 0.000000 0.000000 
0.000000 0.000000 0.000000 0.000000 0.000000 0.000000 0.000000 0.000000 0.000000 0.000000 0.000000 0.000000 0.000000 0.000000 0.000000 0.000000 0.000000 0.000000 0.000000 0.000000 0.000000 0.000000 0.000000 0.000000 0.000000 0.000000 0.000000 0.000000 0.000000 0.008653 0.000000 0.000000 0.000000 0.000000 0.000000 0.162968 0.000000 0.000000 0.000000 0.000000 0.000000 0.000000 0.000000 0.000000 0.000000 0.000000 0.000000 0.000000 0.000000 0.000000 0.000000 0.025373 0.018891 0.000000 0.000000 0.000000 0.000000 0.000000 0.000000 0.000000 0.000000 0.000000 0.000000 0.000000 
0.000000 0.000000 0.000000 0.000000 0.000000 0.000000 0.000000 0.000000 0.000000 0.000000 0.021508 0.000000 0.000000 0.000000 0.000000 0.000000 0.000000 0.000000 0.000000 0.000000 0.000000 0.000000 0.000000 0.000000 0.000000 0.000000 0.000000 0.000000 0.000000 0.022289 0.000000 0.000000 0.000000 0.000000 0.000000 0.000000 0.000000 0.000000 0.000000 0.000000 0.000000 0.000000 0.000000 0.000000 0.000000 0.000000 0.000000 0.000000 0.000000 0.000000 0.000000 0.020866 0.002184 0.000000 0.000000 0.000000 0.000000 0.000000 0.001557 0.000000 0.000000 0.000000 0.000000 0.000000 
0.000000 0.000000 0.000000 0.000000 0.000000 0.000000 0.000000 0.000000 0.000000 0.000000 0.000000 0.000000 0.000000 0.000000 0.000000 0.000000 0.000000 0.000000 0.000000 0.000000 0.000000 0.000000 0.000000 0.000000 0.000000 0.000000 0.000000 0.080693 0.000000 0.000000 0.000000 0.000000 0.000000 0.000000 0.000000 0.000000 0.000000 0.384490 0.000000 0.000000 0.126671 0.000000 0.000000 0.000000 0.000000 0.000000 0.000000 0.000000 0.000000 0.000000 0.000000 0.110789 0.590725 0.024391 0.297032 0.000000 0.000000 0.023409 0.548919 0.000000 0.000000 0.036489 0.000000 0.000000 
0.000000 0.000000 0.000000 0.000000 0.134338 0.000000 0.000000 0.000000 0.000000 0.000000 0.000000 0.000000 0.000000 0.482282 0.000000 0.000000 0.000000 0.000000 0.000000 0.000000 0.000000 1.635427 0.689287 0.000000 0.054944 0.000000 0.000000 0.166605 0.000000 0.000000 0.000000 0.000000 0.000000 0.000000 0.000000 0.000000 0.000000 0.000000 0.000000 0.000000 2.042564 0.000000 0.000000 0.000000 0.000000 0.000000 0.000000 0.000000 0.000000 0.000000 0.000000 0.000000 0.000000 1.471417 0.133171 0.000000 0.000000 0.000000 1.462392 0.000000 0.086372 0.000000 0.000000 0.000000 
0.000000 0.525010 0.000000 0.000000 0.000000 0.000000 0.000000 0.000000 0.000000 0.000000 0.000000 0.000000 0.000000 2.050109 0.000000 0.000000 0.000000 0.000000 1.391212 0.000000 0.000000 0.549528 1.886287 0.000000 0.000000 0.000000 0.000000 0.000000 0.461726 0.000000 0.267803 0.000000 0.000000 0.000000 0.000000 0.000000 0.000000 0.000000 0.000000 0.000000 0.000000 0.000000 0.000000 0.000000 0.000000 0.000000 0.000000 0.000000 0.000000 0.000000 0.000000 0.000000 0.000000 1.119730 0.000000 0.000000 0.000000 0.000000 0.000000 0.000000 1.294755 0.000000 0.000000 0.000000 
0.000000 1.668222 0.000000 0.450866 0.000000 0.000000 0.000000 0.000000 0.000000 0.000000 0.381288 0.000000 0.000000 0.000000 0.746859 0.669676 0.000000 0.000000 0.290260 0.000000 0.000000 0.000000 0.000000 0.000000 0.000000 0.000000 0.075727 0.000000 1.844450 0.237295 0.000000 0.000000 0.000000 0.000000 0.000000 0.000000 0.000000 0.000000 0.000000 0.000000 0.000000 0.000000 0.000000 0.000000 0.000000 0.000000 0.000000 0.000000 0.000000 0.000000 0.000000 0.000000 0.000000 0.000000 0.000000 0.000000 0.903266 0.000000 0.000000 0.000000 0.000000 0.000000 0.000000 0.000000 
0.000000 0.000000 0.000000 0.000000 0.000000 0.000000 0.000000 0.000000 0.380231 0.150853 0.450131 0.000000 0.000000 0.000000 0.000000 0.000000 0.000000 0.000000 0.000000 0.000000 0.000000 0.000000 0.000000 0.000000 0.000000 0.000000 0.646275 0.000000 0.000000 1.533175 0.000000 0.000000 0.000000 0.000000 0.000000 0.198514 0.000000 0.617440 0.000000 0.000000 0.000000 0.000000 0.000000 0.000000 0.000000 0.000000 0.000000 0.130626 0.000000 0.000000 0.000000 1.568925 0.000000 0.000000 0.795267 0.000000 0.000000 0.000000 0.185788 0.000000 0.000000 0.000000 0.000000 0.000000 
0.000000 0.000000 0.121972 0.000000 0.000000 0.000000 0.000000 0.000000 0.000000 0.000000 0.000000 0.000000 0.000000 0.000000 0.000000 0.000000 0.000000 0.027956 0.000000 0.000000 0.000000 0.000000 0.000000 0.000000 0.000000 0.000000 0.000000 0.385117 0.000000 0.436008 0.000000 0.000000 0.000000 0.000000 0.000000 1.145618 0.000000 0.454111 0.000000 0.000000 0.000000 0.000000 0.000000 0.000000 0.000000 0.000000 0.000000 0.123311 0.000000 0.000000 0.000000 0.002542 0.000000 0.811149 0.417724 0.000000 0.000000 0.000000 0.403971 0.000000 0.000000 0.000000 0.000000 0.000000 
0.000000 0.000000 0.000000 0.000000 0.000000 0.000000 0.000000 0.000000 0.000000 0.000000 0.000000 0.000000 0.000000 0.000000 0.000000 0.000000 0.000000 0.000000 0.000000 0.000000 0.000000 0.000000 0.000000 0.000000 0.000000 0.000000 0.000000 0.000000 0.000000 0.000000 0.000000 0.000000 0.000000 0.000000 0.000000 0.215233 0.000000 0.000000 0.000000 0.000000 0.000000 0.000000 0.000000 0.000000 0.000000 0.000000 0.000000 0.000000 0.000000 0.000000 0.000000 0.000000 0.000000 0.000000 0.000000 0.000000 0.000000 0.000000 0.000000 0.000000 0.000000 0.000000 0.000000 0.000000 
0.000000 0.000000 0.000000 0.000000 0.000000 0.000000 0.000000 0.000000 0.000000 0.000000 0.000000 0.000000 0.000000 0.000000 0.000000 0.000000 0.000000 0.000000 0.000000 0.000000 0.000000 0.000000 0.000000 0.000000 0.000000 0.000000 0.000000 0.000000 0.000000 0.008653 0.000000 0.000000 0.000000 0.000000 0.000000 0.162968 0.000000 0.000000 0.000000 0.000000 0.000000 0.000000 0.000000 0.000000 0.000000 0.000000 0.000000 0.000000 0.000000 0.000000 0.000000 0.025373 0.018891 0.000000 0.000000 0.000000 0.000000 0.000000 0.000000 0.000000 0.000000 0.000000 0.000000 0.000000 
0.000000 0.000000 0.000000 0.000000 0.000000 0.000000 0.000000 0.000000 0.000000 0.000000 0.000000 0.000000 0.000000 0.000000 0.000000 0.000000 0.000000 0.000000 0.000000 0.000000 0.000000 0.000000 0.000000 0.000000 0.000000 0.000000 0.000000 0.000000 0.000000 0.008653 0.000000 0.000000 0.000000 0.000000 0.000000 0.162968 0.000000 0.000000 0.000000 0.000000 0.000000 0.000000 0.000000 0.000000 0.000000 0.000000 0.000000 0.000000 0.000000 0.000000 0.000000 0.025373 0.018891 0.000000 0.000000 0.000000 0.000000 0.000000 0.000000 0.000000 0.000000 0.000000 0.000000 0.000000 
0.000000 0.000000 0.000000 0.000000 0.000000 0.000000 0.000000 0.000000 0.000000 0.000000 0.000000 0.000000 0.000000 0.000000 0.000000 0.000000 0.000000 0.000000 0.000000 0.000000 0.000000 0.000000 0.000000 0.000000 0.000000 0.000000 0.000000 0.000000 0.000000 0.008653 0.000000 0.000000 0.000000 0.000000 0.000000 0.162968 0.000000 0.000000 0.000000 0.000000 0.000000 0.000000 0.000000 0.000000 0.000000 0.000000 0.000000 0.000000 0.000000 0.000000 0.000000 0.025373 0.018891 0.000000 0.000000 0.000000 0.000000 0.000000 0.000000 0.000000 0.000000 0.000000 0.000000 0.000000 
0.000000 0.000000 0.000000 0.000000 0.000000 0.000000 0.000000 0.000000 0.000000 0.000000 0.069636 0.000000 0.000000 0.000000 0.000000 0.000000 0.000000 0.000000 0.000000 0.000000 0.000000 0.000000 0.000000 0.000000 0.000000 0.000000 0.000000 0.000000 0.000000 0.000000 0.000000 0.000000 0.000000 0.000000 0.000000 0.000000 0.000000 0.244453 0.000000 0.000000 0.000000 0.000000 0.000000 0.000000 0.000000 0.000000 0.000000 0.000000 0.000000 0.000000 0.000000 0.081651 0.211001 0.000000 0.056701 0.000000 0.000000 0.000000 0.280987 0.000000 0.000000 0.000000 0.000000 0.000000 
0.000000 0.000000 0.000000 0.000000 0.000000 0.000000 0.000000 0.000000 0.000000 0.000000 0.000000 0.000000 0.000000 0.000000 0.000000 0.000000 0.000000 0.000000 0.000000 0.000000 0.000000 0.681628 0.000000 0.000000 0.138109 0.000000 0.000000 0.000000 0.000000 0.000000 0.000000 0.000000 0.000000 0.000000 0.000000 0.000000 0.000000 0.000000 0.012661 0.000000 0.978518 0.000000 0.000000 0.000000 0.000000 0.000000 0.000000 0.000000 0.000000 0.000000 0.000000 0.000000 0.569164 0.405126 0.759260 0.000000 0.000000 0.016478 1.358071 0.000000 0.000000 0.045724 0.000000 0.000000 
0.000000 0.000000 0.000000 0.000000 1.016271 0.000000 0.000000 0.000000 0.000000 0.000000 0.000000 0.000000 0.000000 1.672810 0.000000 0.000000 0.000000 0.000000 0.425549 0.000000 0.000000 2.480946 1.485369 0.000000 0.700233 0.000000 0.000000 0.000000 0.021754 0.000000 0.000000 0.000000 0.000000 0.000000 0.000000 0.000000 0.000000 0.000000 0.000000 0.000000 0.486633 0.000000 0.000000 0.000000 0.000000 0.000000 0.000000 0.000000 0.000000 0.000000 0.085485 0.000000 0.000000 1.561497 0.000000 0.000000 0.000000 0.000000 0.715638 0.000000 0.949813 0.000000 0.000000 0.000000 
0.000000 1.290675 0.000000 0.000000 0.000000 0.000000 0.000000 0.000000 0.000000 0.000000 0.000000 0.000000 0.000000 1.380913 1.231871 0.770957 0.000000 0.000000 0.719026 0.000000 0.000000 0.000000 0.490060 0.000000 0.000000 0.000000 0.000000 0.000000 2.163514 0.000000 0.000000 0.000000 0.000000 0.000000 0.000000 0.000000 0.000000 0.000000 0.000000 0.000000 0.000000 0.000000 0.000000 0.000000 0.000000 0.000000 0.000000 0.000000 0.000000 0.000000 0.000000 0.000000 0.000000 0.000000 0.000000 0.000000 0.740373 0.000000 0.000000 0.000000 1.621198 0.874553 0.000000 0.000000 
0.000000 0.000000 0.000000 0.000000 0.000000 0.000000 0.000000 0.000000 0.624082 0.402989 0.298055 0.000000 0.000000 0.000000 0.719519 1.279250 0.000000 0.000000 0.000000 0.000000 0.000000 0.000000 0.000000 0.000000 0.000000 0.000000 0.404939 0.000000 0.000000 1.515471 0.000000 0.000000 0.000000 0.000000 0.000000 0.000000 0.000000 0.085181 0.000000 0.000000 0.000000 0.000000 0.000000 0.000000 0.095988 0.000000 0.000000 0.000000 0.000000 0.000000 0.000000 0.649180 0.000000 0.000000 0.000000 0.000000 0.000000 0.000000 0.000000 0.000000 0.000000 0.146402 0.000000 0.000000 
0.000000 0.000000 0.000000 0.000000 0.000000 0.000000 0.000000 0.000000 0.000000 0.000000 0.000000 0.000000 0.000000 0.000000 0.000000 0.000000 0.000000 0.000000 0.000000 0.000000 0.000000 0.000000 0.000000 0.000000 0.000000 0.000000 0.000000 0.383170 0.000000 0.706721 0.000000 0.000000 0.000000 0.000000 0.000000 1.489979 0.000000 0.571112 0.000000 0.000000 0.000000 0.000000 0.000000 0.000000 0.000000 0.000000 0.000000 0.285821 0.000000 0.000000 0.000000 0.274112 0.000000 0.383033 0.496455 0.000000 0.000000 0.000000 0.565391 0.000000 0.000000 0.000000 0.000000 0.000000 
0.000000 0.000000 0.022505 0.000000 0.000000 0.000000 0.000000 0.000000 0.000000 0.000000 0.000000 0.000000 0.000000 0.000000 0.000000 0.000000 0.000000 0.004748 0.000000 0.000000 0.000000 0.000000 0.000000 0.000000 0.000000 0.000000 0.000000 0.354825 0.000000 0.015156 0.000000 0.000000 0.000000 0.000000 0.000000 0.752706 0.000000 0.000000 0.000000 0.000000 0.000000 0.000000 0.000000 0.000000 0.000000 0.000000 0.000000 0.000000 0.000000 0.000000 0.000000 0.000000 0.000000 0.360285 0.000000 0.000000 0.000000 0.000000 0.083362 0.000000 0.000000 0.000000 0.000000 0.000000 
0.000000 0.000000 0.000000 0.000000 0.000000 0.000000 0.000000 0.000000 0.000000 0.000000 0.000000 0.000000 0.000000 0.000000 0.000000 0.000000 0.000000 0.000000 0.000000 0.000000 0.000000 0.000000 0.000000 0.000000 0.000000 0.000000 0.000000 0.000000 0.000000 0.008653 0.000000 0.000000 0.000000 0.000000 0.000000 0.162968 0.000000 0.000000 0.000000 0.000000 0.000000 0.000000 0.000000 0.000000 0.000000 0.000000 0.000000 0.000000 0.000000 0.000000 0.000000 0.025373 0.018891 0.000000 0.000000 0.000000 0.000000 0.000000 0.000000 0.000000 0.000000 0.000000 0.000000 0.000000 
0.000000 0.000000 0.000000 0.000000 0.000000 0.000000 0.000000 0.000000 0.000000 0.000000 0.000000 0.000000 0.000000 0.000000 0.000000 0.000000 0.000000 0.000000 0.000000 0.000000 0.000000 0.000000 0.000000 0.000000 0.000000 0.000000 0.000000 0.000000 0.000000 0.008653 0.000000 0.000000 0.000000 0.000000 0.000000 0.162968 0.000000 0.000000 0.000000 0.000000 0.000000 0.000000 0.000000 0.000000 0.000000 0.000000 0.000000 0.000000 0.000000 0.000000 0.000000 0.025373 0.018891 0.000000 0.000000 0.000000 0.000000 0.000000 0.000000 0.000000 0.000000 0.000000 0.000000 0.000000 
0.000000 0.000000 0.000000 0.000000 0.000000 0.000000 0.000000 0.000000 0.000000 0.000000 0.000000 0.000000 0.000000 0.000000 0.000000 0.000000 0.000000 0.000000 0.000000 0.000000 0.000000 0.000000 0.000000 0.000000 0.000000 0.000000 0.000000 0.000000 0.000000 0.008653 0.000000 0.000000 0.000000 0.000000 0.000000 0.162968 0.000000 0.000000 0.000000 0.000000 0.000000 0.000000 0.000000 0.000000 0.000000 0.000000 0.000000 0.000000 0.000000 0.000000 0.000000 0.025373 0.018891 0.000000 0.000000 0.000000 0.000000 0.000000 0.000000 0.000000 0.000000 0.000000 0.000000 0.000000 
0.000000 0.000000 0.000000 0.000000 0.000000 0.000000 0.000000 0.000000 0.000000 0.000000 0.000000 0.000000 0.000000 0.000000 0.000000 0.000000 0.000000 0.000000 0.000000 0.000000 0.000000 0.000000 0.000000 0.000000 0.000000 0.000000 0.000000 0.000000 0.000000 0.008653 0.000000 0.000000 0.000000 0.000000 0.000000 0.162968 0.000000 0.000000 0.000000 0.000000 0.000000 0.000000 0.000000 0.000000 0.000000 0.000000 0.000000 0.000000 0.000000 0.000000 0.000000 0.025373 0.018891 0.000000 0.000000 0.000000 0.000000 0.000000 0.000000 0.000000 0.000000 0.000000 0.000000 0.000000 
0.238536 0.000000 0.000000 0.000000 0.000000 0.000000 0.080475 0.000000 0.000000 0.000000 0.000000 0.000000 0.000000 0.000000 0.000000 0.000000 0.000000 0.362176 0.000000 0.000000 0.000000 0.000000 0.000000 0.000000 0.000000 0.000000 0.000000 0.467923 0.000000 0.000000 0.000000 0.000000 0.288527 0.000000 0.000000 0.000000 0.000000 0.622468 0.000000 0.000000 0.000000 0.000000 0.000000 0.000000 0.000000 0.000000 0.000000 0.438037 0.000000 0.315562 0.000000 0.000000 0.168555 0.000000 0.239232 0.000000 0.000000 0.000000 0.419640 0.000000 0.000000 0.000000 0.000000 0.000000 
0.833718 0.000000 0.000000 0.000000 0.000000 0.477082 0.000000 0.000000 0.485287 0.000000 0.000000 0.000000 0.000000 0.386580 0.000000 0.336442 0.000000 0.776555 0.000000 0.000000 0.000000 0.000000 0.000000 0.000000 0.000000 0.000000 0.000000 0.577753 0.000000 0.000000 0.000000 0.000000 1.569993 0.000000 0.000000 0.000000 0.000000 0.000000 0.000000 0.000000 0.000000 0.062210 0.000000 0.000000 0.000000 0.000000 0.247163 0.380686 0.000000 0.000000 0.000000 0.000000 0.000000 0.255125 0.000000 0.000000 0.000000 0.000000 0.736821 0.000000 0.000000 0.000000 0.000000 0.000000 
0.005872 0.000000 0.000000 0.227376 0.000000 0.000000 0.000000 0.000000 0.000000 0.000000 0.000000 0.000000 0.000000 0.657765 0.000000 0.623361 0.000000 0.000000 0.134486 0.000000 0.000000 0.000000 0.000000 0.000000 0.000000 0.000000 0.321986 0.000000 0.596054 0.000000 0.000000 0.000000 0.281923 0.000000 0.000000 0.000000 0.000000 0.000000 0.000000 0.000000 0.000000 0.019551 0.000000 0.000000 0.000000 0.000000 0.000000 0.000000 0.000000 0.000000 0.000000 0.000000 0.000000 0.000000 0.000000 0.000000 0.146218 0.000000 0.000000 0.000000 0.000000 0.000000 0.000000 0.000000 
0.000000 0.809867 0.000000 0.549665 0.000000 0.000000 0.000000 0.000000 0.188911 0.000000 0.000000 0.000000 0.000000 0.000000 0.000000 0.257741 0.000000 0.000000 0.000000 0.000000 0.000000 0.000000 0.000000 0.000000 0.000000 0.000000 1.192325 0.000000 0.392120 0.489809 0.000000 0.000000 0.000000 0.000000 0.000000 0.000000 0.000000 0.000000 0.000000 0.000000 0.000000 0.199072 0.000000 0.266243 0.000000 0.000000 0.000000 0.000000 0.000000 0.000000 0.000000 1.406161 0.000000 0.000000 0.000000 0.000000 0.000000 0.000000 0.000000 0.000000 0.000000 0.000000 0.000000 0.000000 
0.160180 0.000000 0.471714 0.180829 0.000000 0.000000 0.000000 0.000000 0.370101 0.000000 0.000000 0.000000 0.000000 0.000000 0.000000 0.000000 0.000000 0.000000 0.000000 0.000000 0.000000 0.000000 0.000000 0.000000 0.000000 0.173924 0.239881 0.000000 0.000000 1.365699 0.000000 0.000000 0.000000 0.000000 0.000000 0.000000 0.000000 0.309949 0.000000 0.193066 0.000000 0.000000 0.000000 0.000000 0.000000 0.000000 0.000000 0.000000 0.000000 0.000000 0.000000 1.055308 0.000000 0.000000 1.060850 0.000000 0.000000 0.000000 0.554351 0.000000 0.000000 0.000000 0.206503 0.264677 
0.000000 0.000000 0.122308 0.000000 0.000000 0.000000 0.000000 0.000000 0.000000 0.000000 0.000000 0.000000 0.000000 0.000000 0.000000 0.000000 0.000000 0.093872 0.000000 0.000000 0.000000 0.000000 0.000000 0.000000 0.000000 0.000000 0.000000 0.468277 0.000000 0.137263 0.000000 0.000000 0.000000 0.000000 0.000000 0.959069 0.000000 0.085907 0.000000 0.000000 0.000000 0.000000 0.000000 0.000000 0.000000 0.000000 0.000000 0.000000 0.000000 0.000000 0.000000 0.000000 0.000000 0.513121 0.147260 0.000000 0.000000 0.000000 0.269965 0.000000 0.000000 0.000000 0.000000 0.000000 
0.000000 0.000000 0.000000 0.000000 0.000000 0.000000 0.000000 0.000000 0.000000 0.000000 0.000000 0.000000 0.000000 0.000000 0.000000 0.000000 0.000000 0.000000 0.000000 0.000000 0.000000 0.000000 0.000000 0.000000 0.000000 0.000000 0.000000 0.000000 0.000000 0.001514 0.000000 0.000000 0.000000 0.000000 0.000000 0.188641 0.000000 0.000000 0.000000 0.000000 0.000000 0.000000 0.000000 0.000000 0.000000 0.000000 0.000000 0.000000 0.000000 0.000000 0.000000 0.003731 0.000000 0.000000 0.000000 0.000000 0.000000 0.000000 0.000000 0.000000 0.000000 0.000000 0.000000 0.000000 
0.000000 0.000000 0.000000 0.000000 0.000000 0.000000 0.000000 0.000000 0.000000 0.000000 0.000000 0.000000 0.000000 0.000000 0.000000 0.000000 0.000000 0.000000 0.000000 0.000000 0.000000 0.000000 0.000000 0.000000 0.000000 0.000000 0.000000 0.000000 0.000000 0.008653 0.000000 0.000000 0.000000 0.000000 0.000000 0.162968 0.000000 0.000000 0.000000 0.000000 0.000000 0.000000 0.000000 0.000000 0.000000 0.000000 0.000000 0.000000 0.000000 0.000000 0.000000 0.025373 0.018891 0.000000 0.000000 0.000000 0.000000 0.000000 0.000000 0.000000 0.000000 0.000000 0.000000 0.000000 
0.000000 0.000000 0.000000 0.000000 0.000000 0.000000 0.000000 0.000000 0.000000 0.000000 0.000000 0.000000 0.000000 0.000000 0.000000 0.000000 0.000000 0.000000 0.000000 0.000000 0.000000 0.000000 0.000000 0.000000 0.000000 0.000000 0.000000 0.000000 0.000000 0.008653 0.000000 0.000000 0.000000 0.000000 0.000000 0.162968 0.000000 0.000000 0.000000 0.000000 0.000000 0.000000 0.000000 0.000000 0.000000 0.000000 0.000000 0.000000 0.000000 0.000000 0.000000 0.025373 0.018891 0.000000 0.000000 0.000000 0.000000 0.000000 0.000000 0.000000 0.000000 0.000000 0.000000 0.000000 
