 0.000000
 0.000000
 0.000000
 0.000000
 0.000000
 0.074340
 0.032907
 0.000000
 0.154489
 0.000000
 0.000000
 0.000000
 0.000000
 0.000000
 0.000000
 0.000000
 0.000000
 0.000000
 0.000000
 0.000000
 0.000000
 0.074340
 0.032907
 0.000000
 0.154489
 0.000000
 0.000000
 0.000000
 0.000000
 0.000000
 0.000000
 0.000000
 0.000000
 0.000000
 0.000000
 0.000000
 0.000000
 0.074340
 0.032907
 0.000000
 0.154489
 0.000000
 0.000000
 0.000000
 0.000000
 0.000000
 0.000000
 0.000000
 0.000000
 0.000000
 0.000000
 0.000000
 0.000000
 0.074340
 0.032907
 0.000000
 0.154489
 0.000000
 0.000000
 0.000000
 0.000000
 0.000000
 0.000000
 0.000000
 0.000000
 0.000000
 0.000000
 0.000000
 0.000000
 0.074340
 0.032907
 0.000000
 0.154489
 0.000000
 0.000000
 0.000000
 0.000000
 0.000000
 0.000000
 0.000000
 0.000000
 0.000000
 0.000000
 0.000000
 0.000000
 0.063782
 0.062397
 0.000000
 0.131186
 0.000000
 0.000000
 0.000000
 0.000000
 0.000000
 0.000000
 0.000000
 0.000000
 0.000000
 0.145286
 0.000000
 0.000000
 0.000000
 0.699286
 0.000000
 0.000000
 0.000000
 0.000000
 0.000000
 0.111178
 0.360221
 0.000000
 0.000000
 0.000000
 0.000000
 0.203830
 0.019263
 0.000000
 0.000000
 0.552148
 0.000000
 0.000000
 0.000000
 0.000000
 0.000000
 0.429180
 0.399432
 0.212759
 0.568989
 0.000000
 0.000000
 0.000000
 0.269547
 0.000000
 0.000000
 0.169462
 0.000000
 0.820436
 0.237877
 0.000000
 0.000000
 0.000000
 0.000000
 0.000000
 1.039521
 0.000000
 0.000000
 0.000000
 0.000000
 0.067911
 0.000000
 0.230683
 0.000000
 1.241341
 0.096355
 0.026388
 0.000000
 0.000000
 0.000000
 0.000000
 0.587421
 0.000000
 0.000000
 0.000000
 0.000000
 0.000000
 0.074340
 0.032907
 0.000000
 0.154489
 0.000000
 0.000000
 0.000000
 0.000000
 0.000000
 0.000000
 0.000000
 0.000000
 0.000000
 0.000000
 0.000000
 0.000000
 0.074340
 0.032907
 0.000000
 0.154489
 0.000000
 0.000000
 0.000000
 0.000000
 0.000000
 0.000000
 0.000000
 0.000000
 0.000000
 0.000000
 0.000000
 0.000000
 0.023099
 0.106712
 0.000000
 0.115284
 0.000000
 0.000000
 0.000000
 0.000000
 0.000000
 0.000000
 0.000000
 0.000000
 0.000000
 0.000000
 0.000000
 0.000000
 0.199245
 0.396387
 0.000000
 0.000000
 0.000000
 0.000000
 0.000000
 0.017321
 0.234433
 0.000000
 0.165087
 0.000000
 0.000000
 0.000000
 0.000000
 0.000000
 0.657383
 0.234415
 0.000000
 0.000000
 0.000000
 0.000000
 0.000000
 0.000000
 0.338965
 0.000000
 0.691094
 0.000000
 0.000000
 0.000000
 0.000000
 0.000000
 0.349679
 0.321784
 0.000000
 0.474021
 0.154050
 0.000000
 0.000000
 0.000000
 0.000000
 0.000000
 0.804466
 0.000000
 0.000000
 0.000000
 0.000000
 0.000000
 0.000000
 0.386521
 0.000000
 0.648561
 0.000000
 0.000000
 0.000000
 0.000000
 0.000000
 0.000000
 0.189419
 0.000000
 0.000000
 0.387131
 0.000000
 0.000000
 0.000000
 0.484811
 0.000000
 0.000000
 0.080612
 0.000000
 0.000000
 0.000000
 1.130298
 0.000000
 0.000000
 0.000000
 0.000000
 0.987624
 0.813509
 0.000000
 0.000000
 0.382066
 0.000000
 0.000000
 0.000000
 0.000000
 0.000000
 0.952506
 0.165846
 0.052013
 0.321753
 0.000000
 0.000000
 0.000000
 0.742709
 0.000000
 0.000000
 0.000000
 0.000000
 1.294768
 0.088178
 0.890369
 0.000000
 0.220912
 0.000000
 0.000000
 0.102130
 0.000000
 0.000000
 0.000000
 0.000000
 0.000000
 0.000000
 0.000000
 0.000000
 1.908311
 0.455752
 0.348346
 0.056433
 0.000000
 0.000000
 0.000000
 0.335450
 0.000000
 0.000000
 0.000000
 0.000000
 0.000000
 0.074340
 0.032907
 0.000000
 0.154489
 0.000000
 0.000000
 0.000000
 0.000000
 0.000000
 0.000000
 0.000000
 0.000000
 0.000000
 0.000000
 0.000000
 0.000000
 0.074340
 0.032907
 0.000000
 0.154489
 0.000000
 0.000000
 0.000000
 0.000000
 0.000000
 0.000000
 0.000000
 0.000000
 0.000000
 0.000000
 0.000000
 0.000000
 0.000000
 0.297335
 0.000000
 0.069138
 0.000000
 0.000000
 0.000000
 0.000000
 0.030039
 0.000000
 0.000000
 0.000000
 0.000000
 0.597131
 0.000000
 0.000000
 0.000000
 0.909644
 0.000000
 0.000000
 0.000000
 0.000000
 0.000000
 0.402942
 0.946477
 0.000000
 0.068934
 0.000000
 0.000000
 0.000000
 0.823133
 0.000000
 0.000000
 0.708502
 0.000000
 0.000000
 0.000000
 0.000000
 0.000000
 0.660001
 0.000000
 0.397674
 0.742123
 0.000000
 0.000000
 0.000000
 0.253671
 0.000000
 0.000000
 0.053791
 0.000000
 1.651155
 0.649401
 0.508668
 0.000000
 0.000000
 0.000000
 0.000000
 0.883732
 0.000000
 0.000000
 0.000000
 0.000000
 0.000000
 0.000000
 0.200067
 0.000000
 1.408624
 0.476918
 0.307287
 0.000000
 0.000000
 0.000879
 0.000000
 0.396622
 0.000000
 0.000000
 0.746728
 0.000000
 0.000000
 0.000000
 0.000000
 0.000000
 0.000000
 0.000000
 0.000000
 0.189909
 0.000000
 1.875752
 0.000000
 0.000000
 0.051954
 0.000000
 1.421250
 1.761980
 0.000000
 0.000000
 0.000000
 0.000000
 0.000000
 0.088987
 0.000000
 0.000000
 0.913645
 0.000000
 0.205104
 0.595309
 0.000000
 0.000000
 0.000000
 0.186779
 0.000000
 0.000000
 0.000000
 0.000000
 1.192687
 0.249175
 1.641789
 0.212817
 0.374957
 0.000000
 0.000000
 0.000000
 0.000000
 0.000000
 0.000000
 0.000000
 0.030335
 0.000000
 0.000000
 0.019019
 1.746334
 0.509772
 0.428814
 0.073747
 0.054388
 0.000000
 0.000000
 0.000000
 0.000000
 0.000000
 0.000000
 0.000000
 0.000000
 0.074340
 0.032907
 0.000000
 0.154489
 0.000000
 0.000000
 0.000000
 0.000000
 0.000000
 0.000000
 0.000000
 0.000000
 0.000000
 0.000000
 0.000000
 0.000000
 0.074340
 0.032907
 0.000000
 0.154489
 0.000000
 0.000000
 0.000000
 0.000000
 0.000000
 0.000000
 0.000000
 0.000000
 0.000000
 0.000000
 0.000000
 0.000000
 0.000000
 0.300942
 0.000000
 0.000000
 0.000000
 0.056547
 0.000000
 0.000000
 0.573983
 0.000000
 0.000000
 0.000000
 0.000000
 1.118431
 0.000000
 0.000000
 0.000000
 0.000000
 0.000000
 0.000000
 0.000000
 0.000000
 0.239544
 0.178786
 1.493950
 0.000000
 0.000000
 0.000000
 0.000000
 0.409009
 1.642441
 0.000000
 0.000000
 0.000000
 0.000000
 0.000000
 0.000000
 0.000000
 0.000000
 0.753422
 0.000000
 0.000000
 0.221186
 0.000000
 0.000000
 0.000000
 0.000000
 0.000000
 0.000000
 0.000000
 0.000000
 1.732170
 0.373399
 1.440048
 0.000000
 0.291233
 0.000000
 0.000000
 0.000000
 0.052519
 0.000000
 0.000000
 0.000000
 0.000000
 0.000000
 0.000000
 0.000000
 1.304221
 0.612313
 0.423217
 0.000000
 0.000000
 0.564248
 0.000000
 0.000000
 0.000000
 0.000000
 1.257445
 0.000000
 0.000000
 0.000000
 0.000000
 0.000000
 0.000000
 0.000000
 0.000000
 0.156338
 0.062361
 1.886963
 0.000000
 0.011185
 0.000000
 0.000000
 0.759927
 2.019761
 0.000000
 0.000000
 0.000000
 0.000000
 0.000000
 0.081409
 0.000000
 0.000000
 0.910652
 0.000000
 0.419707
 0.380595
 0.000000
 0.000000
 0.000000
 0.000000
 0.000000
 0.000000
 0.000000
 0.000000
 1.545550
 0.556359
 1.751588
 0.102742
 0.277138
 0.000000
 0.000000
 0.000000
 0.000000
 0.000000
 0.000000
 0.000000
 0.010660
 0.000000
 0.000000
 0.000000
 1.342803
 0.334377
 0.233735
 0.000000
 0.025850
 0.000000
 0.000000
 0.000000
 0.000000
 0.000000
 0.000000
 0.000000
 0.000000
 0.074340
 0.032907
 0.000000
 0.154489
 0.000000
 0.000000
 0.000000
 0.000000
 0.000000
 0.000000
 0.000000
 0.000000
 0.000000
 0.000000
 0.000000
 0.000000
 0.070091
 0.043065
 0.000000
 0.144973
 0.000000
 0.000000
 0.000000
 0.000000
 0.000000
 0.000000
 0.000000
 0.000000
 0.000000
 0.052272
 0.000000
 0.000000
 0.000000
 0.182671
 0.000000
 0.000000
 0.000000
 0.000000
 0.189817
 0.000000
 1.322405
 0.000000
 0.000000
 0.000000
 0.164051
 1.525199
 0.769619
 0.000000
 0.000000
 0.000000
 0.000000
 0.000000
 0.000000
 0.000000
 0.716829
 0.279145
 1.519256
 0.000000
 0.216171
 0.000000
 0.081737
 0.270755
 1.608573
 0.000000
 0.000000
 0.000000
 0.000000
 0.000000
 0.073130
 0.343965
 0.323188
 0.717891
 0.000000
 0.556440
 0.520793
 0.251757
 0.000000
 0.000000
 0.000000
 0.000000
 0.000000
 0.000000
 0.000000
 0.505081
 0.586440
 0.951676
 0.883455
 0.252772
 0.000000
 0.040586
 0.512688
 0.305086
 0.314142
 0.000000
 0.000000
 0.000000
 0.000000
 0.037740
 0.000000
 0.000000
 0.992985
 0.000000
 1.067214
 0.000000
 1.228674
 0.000000
 0.345798
 0.490169
 0.745132
 0.148712
 0.564787
 0.000000
 0.000000
 0.000000
 0.000000
 0.000000
 0.759691
 0.000000
 1.267718
 0.000000
 1.217222
 0.000000
 1.247216
 0.000000
 0.205443
 0.000000
 1.478250
 0.000000
 0.000000
 0.000000
 0.000000
 0.000000
 0.267728
 0.494651
 0.308812
 0.513904
 0.000000
 0.000000
 0.716559
 0.035115
 0.000000
 0.000000
 0.000000
 0.000000
 0.000000
 0.000000
 0.000000
 1.694602
 0.683043
 1.656924
 0.386946
 0.185127
 0.000000
 0.000000
 0.000000
 0.000000
 0.000000
 0.000000
 0.000000
 0.069828
 0.000000
 0.000000
 0.000000
 1.274964
 0.242566
 0.122199
 0.000000
 0.000000
 0.000000
 0.000000
 0.000000
 0.000000
 0.000000
 0.000000
 0.000000
 0.000000
 0.074340
 0.032907
 0.000000
 0.154489
 0.000000
 0.000000
 0.000000
 0.000000
 0.000000
 0.000000
 0.000000
 0.000000
 0.000000
 0.000000
 0.000000
 0.000000
 0.027288
 0.060378
 0.000000
 0.133133
 0.000000
 0.000000
 0.000000
 0.000000
 0.000000
 0.000000
 0.000000
 0.127088
 0.011601
 0.102885
 0.000000
 0.000000
 0.000000
 0.276445
 0.139347
 0.000000
 0.000000
 0.000000
 0.000000
 0.000000
 1.007105
 0.000000
 0.000000
 0.157468
 0.460334
 1.163648
 0.000000
 0.000000
 0.000000
 0.455544
 0.356136
 0.000000
 0.000000
 0.000000
 0.000000
 0.068189
 0.444211
 0.205012
 0.000000
 0.000000
 0.645227
 0.000000
 0.000000
 0.000000
 0.000000
 0.379688
 1.356541
 0.000000
 0.542532
 0.000000
 0.000000
 0.000000
 0.000000
 0.973948
 0.000000
 0.000000
 0.257809
 0.000000
 0.000000
 0.000000
 0.000000
 1.025552
 1.980521
 0.206616
 0.867429
 0.000000
 0.000000
 0.000000
 0.000000
 0.285015
 0.000000
 0.000000
 0.079260
 0.000000
 0.000000
 0.000000
 0.000000
 1.042257
 1.490290
 0.000000
 0.668709
 0.000000
 0.000000
 0.000000
 0.605398
 0.000000
 0.000000
 0.000000
 0.256418
 0.903462
 0.000000
 0.000000
 0.000000
 0.000000
 0.383450
 0.000000
 0.564382
 0.000000
 0.000000
 0.000000
 0.513935
 0.333105
 0.000000
 0.000000
 0.000000
 0.000000
 0.000000
 0.000000
 0.000000
 0.000000
 0.000000
 0.000000
 0.332816
 0.467208
 0.000000
 0.198904
 0.000000
 1.049975
 0.299492
 0.268935
 0.000000
 0.000000
 0.000000
 0.000000
 0.000000
 0.000000
 0.000000
 1.791503
 1.090836
 1.341079
 0.149829
 0.000000
 0.000000
 0.000000
 0.067495
 0.000000
 0.000000
 0.000000
 0.000000
 0.005322
 0.000000
 0.000000
 0.000000
 1.592839
 0.460011
 0.175043
 0.000000
 0.000000
 0.000000
 0.000000
 0.127966
 0.000000
 0.000000
 0.000000
 0.000000
 0.000000
 0.074340
 0.032907
 0.000000
 0.154489
 0.000000
 0.000000
 0.000000
 0.000000
 0.000000
 0.000000
 0.000000
 0.000000
 0.000000
 0.000000
 0.000000
 0.000000
 0.077574
 0.014239
 0.000000
 0.140055
 0.000000
 0.000000
 0.000000
 0.000000
 0.000000
 0.000000
 0.000000
 0.000000
 0.000000
 0.000000
 0.000000
 0.748114
 0.000000
 0.000000
 0.000000
 0.000000
 0.000000
 0.000000
 0.000000
 0.000000
 0.223694
 0.000000
 0.000000
 0.179128
 0.000000
 0.125522
 0.000000
 1.897542
 0.000000
 0.000000
 0.000000
 0.000000
 0.000000
 0.000000
 0.000000
 0.000000
 0.000000
 0.000000
 0.000000
 0.000000
 0.000000
 0.000000
 0.000000
 1.877575
 0.000000
 0.000000
 0.259593
 0.000000
 0.000000
 0.000000
 0.000000
 0.000000
 0.000000
 0.000000
 0.000000
 0.000000
 0.000000
 0.000000
 0.000000
 1.901394
 0.000000
 0.000000
 0.103678
 0.000000
 0.000000
 0.000000
 0.000000
 0.000000
 0.000000
 0.000000
 0.000000
 0.101052
 0.000000
 0.577516
 0.000000
 1.164079
 0.000000
 0.000000
 0.000000
 0.000000
 0.000000
 0.000000
 0.000000
 0.000000
 1.169467
 0.000000
 0.000000
 0.465705
 0.407277
 1.507790
 0.000000
 0.448813
 0.000000
 0.000000
 0.000000
 0.000000
 0.000000
 0.000000
 0.000000
 0.050857
 0.411746
 0.000000
 0.000000
 0.220216
 0.173099
 0.000000
 0.000000
 0.000000
 0.000000
 0.000000
 0.484830
 0.000000
 0.000000
 0.452894
 0.000000
 0.114652
 0.000000
 0.182916
 0.000000
 0.000000
 0.000000
 0.000000
 0.000000
 0.000000
 0.000000
 0.000000
 0.528612
 1.872452
 0.229857
 1.362354
 0.000000
 0.105226
 0.000000
 0.000000
 0.000000
 0.000000
 0.000000
 0.000000
 0.000000
 0.000000
 0.000000
 0.000000
 0.144925
 1.262150
 0.280511
 0.053858
 0.000000
 0.000000
 0.031927
 0.000000
 0.000000
 0.000000
 0.000000
 0.000000
 0.000000
 0.000000
 0.074340
 0.032907
 0.000000
 0.154489
 0.000000
 0.000000
 0.000000
 0.000000
 0.000000
 0.000000
 0.000000
 0.000000
 0.000000
 0.000000
 0.000000
 0.000000
 0.099511
 0.017278
 0.000000
 0.144812
 0.000000
 0.000000
 0.000000
 0.000000
 0.000000
 0.000000
 0.000000
 0.000000
 0.000000
 0.000000
 0.000000
 0.163145
 1.281821
 0.000000
 0.000000
 0.000000
 0.000000
 0.000000
 0.000000
 0.000000
 0.000000
 0.000000
 0.000000
 0.000000
 0.000000
 0.000000
 0.000000
 0.754356
 1.962384
 0.000000
 0.000000
 0.000000
 0.000000
 0.158150
 0.000000
 0.000000
 0.000000
 0.000000
 0.000000
 0.000000
 0.000000
 0.000000
 0.000000
 0.000000
 1.659376
 0.000000
 0.000000
 0.000000
 0.000000
 0.532676
 0.000000
 0.000000
 0.000000
 0.000000
 0.185330
 0.000000
 0.000000
 0.000000
 0.000000
 0.000000
 0.580747
 0.000000
 0.000000
 0.000000
 0.000000
 0.714489
 0.000000
 0.000000
 0.581672
 0.000000
 0.000000
 0.000000
 0.000000
 0.517188
 0.000000
 0.000000
 0.851546
 0.000000
 0.000000
 0.000000
 0.000000
 0.174059
 0.000000
 0.000000
 2.059353
 0.000000
 0.260428
 0.000000
 0.000000
 1.319008
 0.000000
 0.000000
 0.437981
 0.000000
 0.000000
 0.000000
 0.000000
 0.000000
 0.000000
 0.053264
 0.159633
 0.048525
 0.580946
 0.427855
 0.000000
 0.000000
 0.000000
 0.154488
 0.000000
 0.000000
 0.000000
 0.000000
 0.000000
 1.669166
 0.000000
 0.000000
 0.000000
 0.000000
 0.000000
 0.419632
 0.000000
 0.000000
 0.000000
 0.715518
 0.000000
 0.000000
 0.000000
 1.073296
 0.045985
 1.105555
 0.000000
 0.013252
 0.000000
 0.000000
 0.000000
 0.000000
 0.000000
 0.000000
 0.000000
 0.161559
 0.000000
 0.000000
 0.000000
 0.181301
 0.000000
 0.000000
 0.000000
 0.037130
 0.055249
 0.000000
 0.000000
 0.000000
 0.000000
 0.000000
 0.000000
 0.000000
 0.074340
 0.032907
 0.000000
 0.154489
 0.000000
 0.000000
 0.000000
 0.000000
 0.000000
 0.000000
 0.000000
 0.000000
 0.000000
 0.000000
 0.000000
 0.000000
 0.080970
 0.030959
 0.000000
 0.151246
 0.000000
 0.000000
 0.000000
 0.000000
 0.000000
 0.000000
 0.000000
 0.000000
 0.000000
 0.000000
 0.000000
 0.000000
 0.462497
 0.000000
 0.000000
 0.087006
 0.000000
 0.000000
 0.000000
 0.000000
 0.000000
 0.000000
 0.000000
 0.000000
 0.000000
 0.000000
 0.000000
 0.000000
 0.793712
 0.000000
 0.000000
 0.159741
 0.000000
 0.323382
 0.000000
 0.000000
 0.000000
 0.000000
 0.158480
 0.000000
 0.000000
 0.000000
 0.000000
 0.000000
 0.980284
 0.247168
 0.000000
 0.000000
 0.000000
 0.150064
 0.000000
 0.000000
 0.025495
 0.000000
 0.403931
 0.000000
 0.000000
 0.000000
 0.000000
 0.000000
 0.199053
 0.287266
 0.000000
 0.000000
 0.000000
 0.000000
 0.000000
 0.000000
 0.499793
 0.000000
 0.000000
 0.000000
 0.000000
 1.070742
 0.000000
 0.000000
 0.000000
 0.000000
 0.000000
 0.000000
 0.000000
 0.000000
 0.080063
 0.000000
 1.858723
 0.000000
 0.000000
 0.000000
 0.000000
 1.395286
 2.059832
 0.000000
 0.000000
 0.000000
 0.000000
 0.000000
 0.000000
 0.000000
 0.000000
 0.897254
 0.000000
 1.076561
 0.526145
 0.000000
 0.000000
 0.000000
 0.000000
 0.000000
 0.000000
 0.000000
 0.000000
 0.973402
 0.320223
 2.016245
 0.000000
 0.000000
 0.000000
 0.618529
 0.397166
 0.137830
 0.000000
 0.000000
 0.000000
 0.000000
 0.000000
 0.000000
 0.000000
 1.516713
 0.570608
 0.766927
 0.000000
 0.000000
 0.000000
 0.000000
 0.295906
 0.000000
 0.000000
 0.000000
 0.000000
 0.000000
 0.188027
 0.131019
 0.000000
 0.002577
 0.000000
 0.000000
 0.000000
 0.000000
 0.000000
 0.000000
 0.000000
 0.000000
 0.000000
 0.000000
 0.000000
 0.000000
 0.074340
 0.032907
 0.000000
 0.154489
 0.000000
 0.000000
 0.000000
 0.000000
 0.000000
 0.000000
 0.000000
 0.000000
 0.000000
 0.000000
 0.000000
 0.000000
 0.074340
 0.032907
 0.000000
 0.154489
 0.000000
 0.000000
 0.000000
 0.000000
 0.000000
 0.000000
 0.000000
 0.000000
 0.000000
 0.000000
 0.000000
 0.000000
 0.074340
 0.032907
 0.000000
 0.154489
 0.000000
 0.000000
 0.000000
 0.000000
 0.000000
 0.000000
 0.000000
 0.000000
 0.000000
 0.000000
 0.000000
 0.000000
 0.074340
 0.032907
 0.000000
 0.154489
 0.000000
 0.000000
 0.000000
 0.000000
 0.000000
 0.000000
 0.000000
 0.000000
 0.000000
 0.000000
 0.000000
 0.000000
 0.074340
 0.032907
 0.000000
 0.154489
 0.000000
 0.000000
 0.000000
 0.000000
 0.000000
 0.000000
 0.000000
 0.000000
 0.000000
 0.000000
 0.000000
 0.000000
 0.000000
 0.000000
 0.000000
 0.113988
 0.000000
 0.000000
 0.000000
 0.000000
 0.328521
 0.000000
 0.000000
 0.318596
 0.000000
 0.911005
 0.000000
 0.000000
 0.000000
 0.000000
 0.023296
 0.000000
 0.062623
 0.000000
 0.000000
 0.000000
 0.922666
 0.000000
 0.000000
 0.000000
 0.000000
 1.081328
 0.235409
 0.000000
 0.000000
 0.000000
 0.057645
 0.000000
 0.000000
 0.000000
 0.000000
 0.948306
 0.000000
 0.602682
 0.000000
 0.000000
 0.000000
 0.000000
 0.000000
 0.000000
 0.000000
 0.000000
 0.449357
 0.943571
 0.735081
 1.461190
 0.000000
 0.297258
 0.000000
 0.192518
 0.000000
 0.000000
 0.000000
 0.000000
 0.000000
 0.000000
 0.000000
 0.000000
 0.029457
 1.640833
 0.548254
 0.382169
 0.000000
 0.000000
 0.000000
 0.000000
 0.000000
 0.000000
 0.000000
 0.000000
 0.000000
 0.000000
 0.074340
 0.032907
 0.000000
 0.154489
 0.000000
 0.000000
 0.000000
 0.000000
 0.000000
 0.000000
 0.000000
 0.000000
 0.000000
 0.000000
 0.000000
 0.000000
 0.074340
 0.032907
 0.000000
 0.154489
 0.000000
 0.000000
 0.000000
 0.000000
 0.000000
 0.000000
 0.000000
 0.000000
 0.000000
 0.000000
 0.000000
 0.000000
 0.074340
 0.032907
 0.000000
 0.154489
 0.000000
 0.000000
 0.000000
 0.000000
 0.000000
 0.000000
 0.000000
 0.000000
 0.000000
 0.000000
 0.000000
 0.000000
 0.074340
 0.032907
 0.000000
 0.154489
 0.000000
 0.000000
 0.000000
 0.000000
 0.000000
 0.000000
 0.000000
 0.000000
 0.000000
 0.000000
 0.000000
 0.000000
 0.074340
 0.032907
 0.000000
 0.154489
 0.000000
 0.000000
 0.000000
 0.000000
 0.000000
 0.000000
 0.000000
 0.000000
 0.000000
 0.000000
 0.000000
 0.000000
 0.074340
 0.032907
 0.000000
 0.154489
 0.000000
 0.000000
 0.000000
 0.000000
 0.000000
 0.000000
 0.000000
 0.000000
 0.000000
 0.000000
 0.000000
 0.132791
 0.137039
 0.000000
 0.000000
 0.174758
 0.000000
 0.000000
 0.000000
 0.000000
 0.263184
 0.000000
 0.000000
 0.216386
 0.000000
 0.000000
 0.000000
 0.925241
 0.000000
 0.000000
 0.000000
 0.000000
 0.000000
 0.000000
 0.000000
 0.000000
 0.013471
 0.000000
 0.000000
 0.000000
 0.000000
 0.630093
 0.000000
 1.113104
 0.000000
 0.000000
 0.000000
 0.000000
 0.000000
 0.000000
 0.000000
 0.195515
 0.000000
 0.000000
 0.000000
 0.000000
 0.000000
 0.000000
 0.000000
 0.160598
 0.000000
 0.000000
 0.209667
 0.000000
 0.000000
 0.759080
 0.000000
 0.077743
 0.000000
 0.000000
 0.000000
 0.000000
 0.000000
 0.000000
 0.000000
 0.062980
 0.000000
 0.000000
 0.128490
 0.850413
 0.000000
 0.032526
 0.000000
 0.000000
 0.017477
 0.000000
 0.000000
 0.000000
 0.000000
 0.000000
 0.000000
 0.000000
 0.074340
 0.032907
 0.000000
 0.154489
 0.000000
 0.000000
 0.000000
 0.000000
 0.000000
 0.000000
 0.000000
 0.000000
 0.000000
 0.000000
 0.000000
 0.000000
 0.074340
 0.032907
 0.000000
 0.154489
 0.000000
 0.000000
 0.000000
 0.000000
 0.000000
 0.000000
 0.000000
