0.000000
0.000000
0.000000
0.000000
0.000000
0.000000
0.000000
0.000000
0.000000
0.000000
0.000000
0.000000
0.000000
0.000000
0.000000
0.000000
0.000000
0.000000
0.000000
0.000000
0.000000
0.000000
0.000000
0.000000
0.000000
0.000000
0.000000
0.000000
0.000000
0.000000
0.000000
0.035015
0.000000
0.033466
0.000000
0.000000
0.000000
0.000000
0.000000
0.000000
0.000000
0.000000
0.000000
0.000000
0.000000
0.000000
0.000000
0.000000
0.000000
0.000000
0.000000
0.000000
0.069496
0.000000
0.000000
0.000000
0.000000
0.000000
0.000000
0.000000
0.000000
0.000000
0.000000
0.000000
0.000000
0.000000
0.000000
0.000000
0.000000
0.000000
0.000000
0.000000
0.000000
0.000000
0.000000
0.000000
0.000000
0.000000
0.000000
0.000000
0.000000
0.000000
0.000000
0.000000
0.330242
0.000000
0.000000
0.000000
0.000000
0.000000
0.000000
0.071707
0.000000
0.000000
0.000000
0.145880
0.000000
0.339987
0.000000
0.000000
0.142192
0.000000
0.000000
0.000000
0.000000
0.000000
0.000000
0.000000
0.000000
0.117853
0.000000
0.000000
0.000000
0.340793
0.000000
0.000000
0.333105
0.000000
0.000000
0.309446
0.000000
0.000000
0.000000
0.000000
0.000000
0.000000
0.000000
0.000000
0.000000
0.000000
0.000000
0.000000
0.000000
0.000000
0.000000
0.085112
0.000000
0.000000
0.000000
0.000000
0.000000
0.000000
0.000000
0.000000
0.000000
0.000000
0.000000
0.000000
0.401019
0.000000
0.000000
0.000000
0.000000
0.000000
0.000000
0.211267
0.000000
0.000000
0.019499
0.054076
0.000000
0.334841
0.000000
0.000000
0.000000
0.000000
0.000000
0.000000
0.000000
0.000000
0.000000
0.000000
0.000000
0.381859
0.000000
0.000000
0.000000
0.636162
0.000000
0.000000
0.437134
0.000000
0.000000
0.786072
0.000000
0.000000
0.000000
0.000000
0.000000
0.000000
0.000000
0.000000
0.000000
0.000000
0.000000
0.000000
0.000000
0.000000
0.000000
0.049469
0.000000
0.000000
0.000000
0.000000
0.000000
0.000000
0.000000
0.000000
0.000000
0.000000
0.000000
0.000000
0.313479
0.020893
0.000000
0.000000
0.000000
0.000000
0.000000
0.000000
0.000000
0.000000
0.000000
0.014407
0.000000
0.160297
0.000000
0.000000
0.000000
0.000000
0.000000
0.000000
0.000000
0.000000
0.000000
0.000000
0.077784
0.426733
0.000000
0.000000
0.000000
0.547951
0.000000
0.000000
0.521905
0.000000
0.000000
0.680683
0.000000
0.000000
0.000000
0.000000
0.000000
0.000000
0.000000
0.000000
0.000000
0.000000
0.000000
0.000000
0.000000
0.000000
0.000000
0.000000
0.000000
0.000000
0.000000
0.000000
0.000000
0.000000
0.000000
0.000000
0.000000
0.000000
0.000000
0.000000
0.126240
0.043893
0.000000
0.000000
0.000000
0.000000
0.000000
0.000000
0.000000
0.000000
0.000000
0.033970
0.000000
0.068899
0.000000
0.287577
0.000000
0.000000
0.000000
0.000000
0.000000
0.000000
0.000000
0.000000
0.132837
0.177481
0.000000
0.000000
0.000000
0.222519
0.000000
0.000000
0.357987
0.000000
0.000000
0.297901
0.000000
0.000000
0.000000
0.000000
0.000000
0.000000
0.000000
0.000000
0.000000
0.000000
0.000000
0.000000
0.000000
0.000000
0.000000
0.000000
0.000000
0.000000
0.000000
0.000000
0.000000
0.000000
0.000000
0.000000
0.000000
0.000000
0.000000
0.000000
0.010890
0.000000
0.000000
0.000000
0.000000
0.000000
0.000000
0.000000
0.000000
0.000000
0.000000
0.000000
0.000000
0.000782
0.000000
0.205979
0.000000
0.000000
0.000000
0.000000
0.000000
0.000000
0.000000
0.000000
0.000000
0.000000
0.000000
0.000000
0.000000
0.000000
0.000000
0.000000
0.100373
0.000000
0.000000
0.038567
0.000000
0.000000
0.000000
0.000000
0.000000
0.000000
0.000000
0.000000
0.000000
0.000000
0.000000
0.000000
0.000000
0.000000
0.000000
0.000000
0.000000
0.000000
0.000000
0.000000
0.000000
0.000000
0.000000
0.000000
0.000000
0.000000
0.000000
0.000000
0.000000
0.000000
0.000000
0.000000
0.000000
0.000000
0.000000
0.000000
0.000000
0.008654
0.000000
0.000000
0.000000
0.000000
0.000000
0.162968
0.000000
0.000000
0.000000
0.000000
0.000000
0.000000
0.000000
0.000000
0.000000
0.000000
0.000000
0.000000
0.000000
0.000000
0.000000
0.025373
0.018891
0.000000
0.000000
0.000000
0.000000
0.000000
0.000000
0.000000
0.000000
0.000000
0.000000
0.000000
0.000000
0.000000
0.000000
0.000000
0.000000
0.000000
0.000000
0.000000
0.000000
0.000000
0.000000
0.000000
0.000000
0.000000
0.000000
0.000000
0.000000
0.000000
0.000000
0.000000
0.000000
0.000000
0.000000
0.000000
0.000000
0.000000
0.000000
0.000000
0.000000
0.008654
0.000000
0.000000
0.000000
0.000000
0.000000
0.162968
0.000000
0.000000
0.000000
0.000000
0.000000
0.000000
0.000000
0.000000
0.000000
0.000000
0.000000
0.000000
0.000000
0.000000
0.000000
0.025373
0.018891
0.000000
0.000000
0.000000
0.000000
0.000000
0.000000
0.000000
0.000000
0.000000
0.000000
0.000000
0.000000
0.000000
0.000000
0.000000
0.000000
0.000000
0.000000
0.000000
0.000000
0.000000
0.000000
0.000000
0.000000
0.000000
0.000000
0.000000
0.000000
0.000000
0.000000
0.000000
0.000000
0.000000
0.000000
0.000000
0.000000
0.000000
0.000000
0.000000
0.000000
0.008654
0.000000
0.000000
0.000000
0.000000
0.000000
0.162968
0.000000
0.000000
0.000000
0.000000
0.000000
0.000000
0.000000
0.000000
0.000000
0.000000
0.000000
0.000000
0.000000
0.000000
0.000000
0.025373
0.018891
0.000000
0.000000
0.000000
0.000000
0.000000
0.000000
0.000000
0.000000
0.000000
0.000000
0.000000
0.000000
0.000000
0.000000
0.000000
0.000000
0.000000
0.000000
0.000000
0.000000
0.000000
0.000000
0.000000
0.000000
0.000000
0.000000
0.000000
0.000000
0.000000
0.000000
0.000000
0.000000
0.000000
0.000000
0.000000
0.000000
0.000000
0.000000
0.000000
0.000000
0.008654
0.000000
0.000000
0.000000
0.000000
0.000000
0.162968
0.000000
0.000000
0.000000
0.000000
0.000000
0.000000
0.000000
0.000000
0.000000
0.000000
0.000000
0.000000
0.000000
0.000000
0.000000
0.025373
0.018891
0.000000
0.000000
0.000000
0.000000
0.000000
0.000000
0.000000
0.000000
0.000000
0.000000
0.000000
0.000000
0.000000
0.000000
0.000000
0.000000
0.000000
0.000000
0.000000
0.000000
0.000000
0.000000
0.000000
0.000000
0.000000
0.000000
0.000000
0.000000
0.000000
0.000000
0.000000
0.000000
0.000000
0.000000
0.000000
0.000000
0.000000
0.000000
0.000000
0.000000
0.008654
0.000000
0.000000
0.000000
0.000000
0.000000
0.162968
0.000000
0.000000
0.000000
0.000000
0.000000
0.000000
0.000000
0.000000
0.000000
0.000000
0.000000
0.000000
0.000000
0.000000
0.000000
0.025373
0.018891
0.000000
0.000000
0.000000
0.000000
0.000000
0.000000
0.000000
0.000000
0.000000
0.000000
0.000000
0.000000
0.000000
0.000000
0.000000
0.000000
0.000000
0.131777
0.000000
0.000000
0.000000
0.000000
0.000000
0.000000
0.000000
0.000000
0.000000
0.000000
0.093928
0.000000
0.000000
0.000000
0.000000
0.000000
0.000000
0.000000
0.000000
0.000000
0.344450
0.000000
0.000000
0.000000
0.226015
0.000000
0.010159
0.000000
0.000000
0.000000
0.676582
0.000000
0.000000
0.000000
0.000000
0.000000
0.000000
0.000000
0.000000
0.093827
0.341742
0.000000
0.648355
0.000000
0.000000
0.421268
0.000000
0.000000
0.000000
0.000000
0.000000
0.065919
0.000000
0.000000
0.000000
0.000000
0.000000
0.000000
0.000000
0.000000
0.000000
0.000000
0.000000
0.399190
0.299762
0.491918
0.000000
0.000000
0.000000
0.295566
0.000000
0.559263
0.000000
0.000000
0.170740
0.000000
0.000000
0.000000
0.000000
0.000000
0.000000
0.000000
0.221715
0.000000
1.250507
0.000000
0.000000
0.000000
0.682235
0.000000
0.959728
0.000000
0.000000
0.000000
0.000000
0.000000
0.092204
0.000000
0.000000
0.000000
0.049850
0.000000
0.000000
0.107662
0.302964
0.000000
1.509580
0.221511
0.000000
1.325047
0.000000
0.000000
0.000000
0.000000
0.000000
0.000000
0.000000
0.000000
0.000000
0.000000
0.000000
0.000000
0.000000
0.000000
0.118372
0.000000
0.000000
0.000000
0.309616
0.301409
0.000000
0.000000
0.000000
0.000000
0.000000
0.319831
0.000000
0.000000
0.061095
0.000000
0.000000
0.000000
0.000000
0.000000
0.000000
0.000000
0.127153
0.000000
0.219708
0.000000
0.000000
0.000000
0.890380
0.000000
1.718738
0.000000
0.000000
0.176770
0.000000
0.000000
0.546533
0.000000
0.000000
0.000000
0.700429
0.000000
0.000000
0.000000
0.000000
0.000000
1.899863
0.000000
0.000000
1.406115
0.000000
0.000000
1.213492
0.000000
0.000000
0.000000
0.000000
0.000000
0.121071
0.000000
0.104427
0.000000
0.000000
0.000000
0.000000
0.000000
0.000000
0.000000
0.507298
0.131598
0.000000
0.000000
0.000000
0.000000
0.000000
0.139089
0.000000
0.000000
0.000000
0.000000
0.000000
0.000000
0.000000
0.000000
0.000000
0.000000
0.000000
0.000000
0.000000
0.000000
0.000000
0.000000
0.947103
0.000000
1.800528
0.000000
0.000000
0.267791
0.000000
0.000000
0.844029
0.000000
0.000000
0.000000
1.082705
0.000000
0.000000
0.040153
0.000000
0.000000
1.150079
0.000000
0.000000
1.611597
0.000000
0.000000
1.888568
0.000000
0.000000
0.000000
0.000000
0.000000
0.454864
0.000000
0.259456
0.000000
0.000000
0.000000
0.000000
0.000000
0.000000
0.000000
0.733648
0.136097
0.000000
0.000000
0.000000
0.000000
0.000000
0.548450
0.000000
0.000000
0.000000
0.000000
0.000000
0.019502
0.000000
0.000000
0.000000
0.000000
0.000000
0.000000
0.000000
0.000000
0.000000
0.000000
0.500335
0.000000
1.405640
0.000000
0.000000
0.000000
0.000000
0.000000
0.912622
0.000000
0.000000
0.000000
0.624988
0.000000
0.000000
0.385747
0.000000
0.000000
1.233742
0.000000
0.000000
1.358567
0.000000
0.000000
1.504082
0.000000
0.000000
0.000000
0.000000
0.000000
0.362972
0.000000
0.315167
0.000000
0.000000
0.000000
0.000000
0.000000
0.000000
0.000000
0.643175
0.292506
0.000000
0.000000
0.000000
0.000000
0.000000
0.922226
0.000000
0.000000
0.000000
0.000000
0.000000
0.877247
0.000000
0.000000
0.000000
0.000000
0.000000
0.000000
0.000000
0.000000
0.000000
0.000000
0.250663
0.000000
1.060814
0.000000
0.000000
0.000000
0.000000
0.000000
0.826882
0.253974
0.000000
0.000000
0.377769
0.000000
0.634991
0.575864
0.000000
0.000000
1.724895
0.000000
0.000000
1.429603
0.000000
0.000000
1.153011
0.000000
0.000000
0.000000
0.000000
0.000000
0.000000
0.000000
0.213455
0.000000
0.000000
0.000000
0.000000
0.000000
0.000000
0.000000
0.563122
0.287764
0.000000
0.000000
0.000000
0.000000
0.000000
0.921635
0.000000
0.000000
0.000000
0.000000
0.000000
0.967090
0.000000
0.000000
0.000000
0.000000
0.000000
0.000000
0.000000
0.000000
0.000000
0.000000
0.255524
0.000000
0.905863
0.000000
0.000000
0.000000
0.000000
0.000000
0.795031
0.306461
0.000000
0.000000
0.360719
0.000000
0.827435
0.428655
0.000000
0.000000
1.764079
0.000000
0.000000
1.451763
0.000000
0.000000
0.998936
0.000000
0.000000
0.000000
0.000000
0.000000
0.000000
0.000000
0.156181
0.000000
0.000000
0.000000
0.000000
0.000000
0.000000
0.000000
0.470329
0.223448
0.000000
0.000000
0.000000
0.000000
0.000000
0.855613
0.000000
0.000000
0.000000
0.000000
0.000000
0.951515
0.000000
0.000000
0.000000
0.000000
0.000000
0.000000
0.000000
0.000000
0.000000
0.000000
0.309424
0.000000
0.931116
0.000000
0.000000
0.000000
0.000000
0.000000
0.720550
0.270008
0.000000
0.000000
0.420473
0.000000
0.752690
0.420107
0.000000
0.000000
1.779469
0.000000
0.000000
1.388767
0.000000
0.000000
1.273732
0.000000
0.000000
0.000000
0.000000
0.000000
0.000000
0.000000
0.090917
0.000000
0.000000
0.000000
0.000000
0.000000
0.000000
0.000000
0.231406
0.000000
0.000000
0.000000
0.000000
0.000000
0.000000
0.439209
0.000000
0.000000
0.000000
0.000000
0.000000
0.599135
0.180249
0.000000
0.000000
0.000000
0.000000
0.000000
0.000000
0.000000
0.000000
0.000000
0.166867
0.000000
0.655662
0.000000
0.000000
0.000000
0.000000
0.000000
0.348056
0.205841
0.000000
0.000000
0.294435
0.000000
0.400250
0.000000
0.000000
0.000000
1.358031
0.000000
0.000000
1.028610
0.000000
0.000000
1.645068
0.000000
0.000000
0.000000
0.000000
0.000000
0.000000
0.000000
0.000000
0.000000
0.000000
0.000000
0.000000
0.000000
0.000000
0.000000
0.109043
0.000000
0.000000
0.000000
0.000000
0.000000
0.000000
0.000000
0.000000
0.000000
0.000000
0.000000
0.000000
0.133127
0.000000
0.000000
0.000000
0.000000
0.000000
0.000000
0.000000
0.000000
0.000000
0.000000
0.006085
0.000000
0.371019
0.000000
0.165298
0.000000
0.000000
0.000000
0.000000
0.000000
0.000000
0.000000
0.084913
0.393333
0.086652
0.000000
0.000000
0.000000
0.809075
0.000000
0.000000
0.739211
0.000000
0.000000
1.234861
0.000000
0.000000
0.000000
0.000000
0.000000
0.000000
0.000000
0.000000
0.000000
0.117297
0.000000
0.000000
0.000000
0.000000
0.000000
0.000000
0.000000
0.000000
0.000000
0.000000
0.000000
0.000000
0.000000
0.000000
0.000000
0.000000
0.000000
0.000000
0.000000
0.000000
0.000000
0.000000
0.000000
0.000000
0.000000
0.000000
0.000000
0.000000
0.000000
0.000000
0.000000
0.225714
0.003249
0.347960
0.000000
0.000000
0.000000
0.000000
0.000000
0.000000
0.000000
0.000000
0.457071
0.000000
0.049093
0.000000
0.000000
0.217268
0.000000
0.000000
0.504538
0.000000
0.000000
0.419478
0.000000
0.000000
0.000000
0.000000
0.000000
0.000000
0.000000
0.000000
0.502703
0.000000
0.000000
0.000000
0.000000
0.000000
0.000000
0.000000
0.000000
0.000000
0.000000
0.081873
0.000000
0.000000
0.000000
0.000000
0.000000
0.519893
0.000000
0.000000
0.000000
0.000000
0.000000
0.000000
0.000000
0.000000
0.000000
1.165114
0.000000
0.000000
0.000000
0.000000
0.921354
0.000000
0.000000
0.000000
0.000000
0.000000
0.000000
0.000000
0.000000
0.000000
0.000000
0.000000
0.000000
0.000000
0.000000
0.478054
0.000000
0.030938
0.000000
0.000000
0.129665
0.000000
0.204528
0.000000
0.000000
0.000000
0.000000
0.000000
0.000000
0.000000
0.000000
0.000000
1.272369
0.000000
0.000000
0.688970
0.000000
0.306549
0.000000
0.000000
0.000000
0.277187
0.000000
0.000000
0.000000
0.000000
0.000000
0.000000
0.000000
0.800982
0.000000
0.000000
0.000000
0.000000
0.000000
0.000000
0.000000
0.000000
0.472555
1.649849
0.000000
0.000000
0.000000
0.469291
2.226450
0.000000
0.925231
0.000000
0.000000
0.000000
0.000000
0.000000
0.000000
0.102482
0.000000
0.000000
0.000000
0.000000
0.000000
0.503952
0.000000
0.000000
0.000000
0.000000
0.172791
0.000000
0.000000
0.000000
0.000000
0.000000
0.000000
0.000000
0.000000
0.000000
0.029553
0.000000
1.732337
0.000000
0.000000
1.304075
0.000000
0.000000
0.000000
0.000000
0.000000
0.662802
0.000000
0.000000
0.000000
0.000000
0.000000
0.000000
0.000000
1.169869
0.000000
0.000000
0.000000
0.000000
0.000000
0.000000
0.000000
0.000000
1.270069
0.000000
0.000000
0.000000
0.000000
1.666863
1.355551
0.000000
1.080454
0.000000
0.000000
0.000000
0.000000
0.000000
0.000000
0.133223
0.081743
0.000000
0.000000
0.000000
0.000000
0.000000
0.000000
0.000000
0.000000
0.000000
0.000000
0.000000
0.000000
0.000000
0.475235
0.000000
0.000000
0.000000
0.000000
0.000000
0.000000
0.000000
1.382730
0.000000
0.000000
1.723323
0.000000
0.425789
0.000000
0.000000
0.000000
0.991933
0.000000
0.000000
0.000000
0.000000
0.000000
0.000000
0.000000
1.486724
0.000000
0.386609
0.000000
0.000000
0.000000
0.000000
0.000000
0.000000
1.815857
0.000000
0.000000
0.000000
0.000000
2.616278
0.000000
0.000000
0.527098
0.000000
0.000000
0.000000
0.000000
0.000000
0.000000
0.383286
0.214880
0.371856
0.000000
0.000000
0.000000
0.000000
0.000000
0.000000
0.000000
0.000000
0.000000
0.000000
0.000000
0.000000
0.000000
0.000000
0.000000
0.000000
0.000000
0.000000
0.000000
0.174998
1.595489
0.000000
0.000000
1.632479
0.000000
0.897338
0.000000
0.000000
0.000000
0.448106
0.000000
0.000000
0.000000
0.000000
0.000000
0.000000
0.000000
1.813688
0.000000
0.000000
0.000000
0.000000
0.000000
0.000000
0.000000
0.000000
1.993416
0.000000
0.000000
0.000000
0.000000
1.806888
0.000000
0.291271
0.534870
0.000000
0.000000
0.000000
0.000000
0.000000
0.000000
0.360746
0.345183
0.672342
0.000000
0.000000
0.000000
0.000000
0.000000
0.000000
0.000000
0.000000
0.044800
0.000000
0.000000
0.000000
0.000000
0.000000
0.000000
0.000000
0.000000
0.000000
0.264431
0.559921
1.619364
0.000000
0.000000
1.479541
0.000000
0.476399
0.000000
0.000000
0.000000
0.000000
0.000000
0.000000
0.000000
0.000000
0.000000
0.000000
0.000000
1.643979
0.000000
0.000000
0.000000
0.000000
0.000000
0.000000
0.000000
0.000000
1.884156
0.000000
0.000000
0.000000
0.000000
1.480260
0.000000
0.741262
0.145838
0.000000
0.000000
0.000000
0.000000
0.000000
0.000000
0.115996
0.426800
0.671304
0.000000
0.000000
0.000000
0.000000
0.000000
0.000000
0.000000
0.000000
0.878457
0.000000
0.000000
0.000000
0.249328
0.000000
0.000000
0.000000
0.000000
0.000000
0.339267
0.506156
1.595090
0.000000
0.000000
1.275434
0.000000
0.013486
0.000000
0.000000
0.000000
0.000000
0.000000
0.000000
0.000000
0.000000
0.000000
0.000000
0.000000
1.364924
0.000000
0.000000
0.000000
0.000000
0.000000
0.000000
0.000000
0.000000
1.551722
0.000000
0.000000
0.000000
0.000000
1.393153
0.000000
0.514678
0.000000
0.000000
0.000000
0.000000
0.000000
0.000000
0.000000
0.000000
0.288360
0.390269
0.000000
0.000000
0.000000
0.000000
0.000000
0.000000
0.000000
0.000000
1.056839
0.000000
0.000000
0.000000
0.227131
0.000000
0.000000
0.000000
0.000000
0.000000
0.258389
0.407384
0.377009
0.000000
0.000000
0.737707
0.000000
0.000000
0.000000
0.000000
0.000000
0.000000
0.000000
0.000000
0.000000
0.000000
0.000000
0.000000
0.000000
0.352556
0.000000
0.713505
0.000000
0.000000
0.000000
0.000000
0.000000
0.000000
0.442556
0.000000
0.000000
0.000000
0.000000
1.631635
0.000000
0.937116
0.000000
0.000000
0.352996
0.000000
0.000000
0.000000
0.000000
0.090869
0.638912
0.711404
0.000000
0.000000
0.000000
0.000000
0.000000
0.000000
0.000000
0.000000
1.489897
0.000000
0.000000
0.169084
0.000000
0.000000
0.000000
0.000000
0.000000
0.000000
0.000000
0.000000
0.000000
0.000000
0.000000
0.000000
0.000000
0.000000
0.000000
0.000000
0.000000
0.000000
0.000000
0.000000
0.000000
0.000000
0.000000
0.000000
0.000000
0.000000
0.000000
0.464666
0.000000
0.000000
0.000000
0.000000
0.000000
0.000000
0.123973
0.000000
0.000000
0.000000
0.000000
1.016444
0.000000
0.982158
0.000000
0.000000
1.867043
0.000000
0.000000
0.000000
0.000000
0.000000
0.169569
0.000000
0.000000
0.000000
0.000000
0.000000
0.000000
0.000000
0.000000
0.000000
0.547247
0.000000
0.000000
1.766446
0.000000
0.000000
0.000000
0.000000
0.000000
0.557426
0.000000
0.000000
0.000000
0.532686
0.943433
0.000000
0.000000
0.000000
0.000000
0.000000
0.000000
0.000000
0.000000
0.000000
0.000000
0.000000
0.000000
0.000000
0.000000
0.000000
0.000000
0.000000
0.000000
0.000000
0.042039
0.000000
0.000000
0.000000
0.000000
0.000000
0.000000
0.000000
0.000000
0.254301
0.000000
1.104363
0.000000
0.000000
0.500850
0.000000
0.000000
0.000000
0.000000
0.000000
0.000000
0.000000
0.000000
0.000000
0.000000
0.000000
0.000000
0.000000
0.000000
0.000000
0.223110
0.000000
0.000000
2.169513
0.000000
0.000000
0.000000
0.000000
0.000000
0.127967
0.000000
0.000000
0.000000
0.140559
0.531506
0.000000
0.000000
0.000000
0.000000
0.000000
0.000000
0.000000
0.000000
0.000000
0.000000
0.000000
0.000000
0.000000
0.000000
0.000000
0.000000
0.000000
0.000000
0.172046
0.000000
0.000000
0.000000
0.000000
0.000000
0.000000
0.000000
0.190626
0.000000
0.062629
0.000000
0.616977
0.000000
0.000000
0.268674
0.000000
0.000000
0.000000
0.000000
0.000000
0.000000
0.000000
0.000000
0.000000
0.000000
0.000000
0.000000
0.000000
0.000000
0.000000
0.467831
0.000000
0.527100
0.776822
0.000000
0.000000
0.059504
0.000000
0.000000
0.000000
0.000000
0.000000
0.000000
0.000000
0.000000
0.000000
0.000000
0.195420
0.000000
0.000000
0.000000
0.000000
0.070843
0.791147
0.000000
0.000000
0.000000
0.000000
0.000000
0.000000
0.000000
0.000000
0.000000
0.000000
0.000000
0.000000
0.000000
0.000000
0.000000
0.000000
0.000000
0.000000
0.000000
0.000000
0.697568
0.000000
0.026694
0.000000
0.000000
0.000000
0.000000
0.000000
0.000000
0.000000
0.000000
0.000000
0.000000
0.400296
0.000000
0.000000
0.000000
0.000000
0.000000
0.000000
0.000000
0.000000
0.000000
0.091025
0.000000
0.030265
0.000000
0.000000
0.000000
0.000000
0.000000
0.000000
0.000000
0.000000
0.000000
0.000000
0.000000
0.287728
0.000000
0.000000
0.000000
0.000000
1.240852
1.411474
0.000000
0.000000
0.000000
0.000000
0.000000
0.000000
0.000000
0.000000
0.000000
0.000000
0.000000
0.000000
0.000000
0.000000
0.000000
0.000000
0.000000
0.000000
1.069827
0.000000
1.387625
0.000000
0.442115
0.000000
0.000000
0.000000
0.000000
0.000000
0.000000
0.000000
0.000000
0.000000
0.732323
0.949892
0.000000
0.000000
0.000000
0.000000
0.000000
0.000000
0.000000
0.000000
0.000000
0.000000
0.275551
0.503970
0.000000
0.462472
0.000000
0.000000
0.000000
0.000000
0.000000
0.000000
0.000000
0.000000
0.000000
0.126273
0.000000
0.000000
0.000000
0.875002
0.577105
2.335056
0.000000
0.000000
0.000000
0.000000
0.000000
0.000000
0.000000
0.000000
0.013344
0.000000
0.000000
0.000000
0.000000
0.000000
0.000000
0.000000
0.000000
0.000000
0.434591
0.000000
0.886621
0.000000
0.979901
0.000000
0.000000
0.000000
0.000000
0.000000
0.000000
0.000000
0.000000
0.000000
1.143137
0.932392
0.000000
0.000000
0.000000
0.000000
0.000000
0.000000
0.000000
0.000000
0.000000
0.000000
0.000000
1.874139
0.000000
0.532307
0.000000
0.000000
0.000000
0.000000
0.000000
0.000000
0.000000
0.000000
0.000000
0.783603
0.000000
0.000000
0.000000
1.494358
0.672751
2.463408
0.000000
0.000000
0.000000
0.000000
0.000000
0.000000
0.000000
0.834117
0.000000
0.000000
0.000000
0.000000
0.000000
0.000000
0.000000
0.000000
0.000000
0.000000
0.000000
0.000000
0.260077
0.000000
1.067628
0.000000
0.000000
0.000000
0.000000
0.000000
0.000000
0.000000
0.000000
0.000000
1.138299
0.825908
0.000000
0.000000
0.047648
0.000000
0.000000
0.000000
0.000000
0.000000
0.000000
0.000000
0.000000
2.091283
0.000000
0.000000
0.000000
0.000000
0.000000
0.000000
0.000000
0.000000
0.000000
0.000000
0.000000
1.255592
0.000000
0.000000
0.000000
1.625066
1.013417
2.383183
0.000000
0.000000
0.000000
0.000000
0.000000
0.000000
0.000000
0.769718
0.000000
0.000000
0.000000
0.000000
0.000000
0.000000
0.000000
0.000000
0.000000
0.000000
0.000000
0.000000
0.600297
0.000000
1.544315
0.000000
0.000000
0.000000
0.000000
0.000000
0.000000
0.000000
0.000000
0.000000
0.697604
1.548295
0.000000
0.000000
0.000000
0.000000
0.000000
0.000000
0.000000
0.000000
0.000000
0.000000
0.000000
1.901803
0.000000
0.000000
0.000000
0.000000
0.000000
0.000000
0.000000
0.000000
0.000000
0.000000
0.000000
1.407950
0.000000
0.000000
0.000000
1.442837
1.192518
1.999074
0.000000
0.000000
0.000000
0.000000
0.000000
0.000000
0.000000
0.729105
0.000000
0.000000
0.000000
0.000000
0.000000
0.000000
0.000000
0.000000
0.000000
0.000000
0.000000
0.000000
0.343246
0.000000
1.337994
0.000000
0.000000
0.000000
0.000000
0.000000
0.000000
0.000000
0.000000
0.000000
0.494805
1.474244
0.000000
0.000000
0.000000
0.000000
0.000000
0.000000
0.000000
0.000000
0.000000
0.000000
0.000000
1.630155
0.000000
0.000000
0.000000
0.000000
0.000000
0.000000
0.000000
0.000000
0.000000
0.000000
0.000000
0.443256
0.000000
0.000000
0.000000
0.004662
1.347467
1.283949
0.000000
0.000000
0.000000
0.000000
0.000000
0.000000
0.000000
1.093099
0.000000
0.000000
0.000000
0.000000
0.000000
0.000000
0.000000
0.000000
0.000000
0.000000
0.000000
0.000000
0.000000
0.000000
0.000000
0.000000
0.000000
0.000000
0.000000
0.000000
0.000000
0.000000
0.000000
0.000000
0.547291
1.094172
0.000000
0.000000
0.000000
0.000000
0.000000
0.000000
0.000000
0.000000
0.000000
0.000000
0.000000
2.239104
0.000000
0.000000
0.000000
0.000000
0.000000
0.000000
0.000000
0.000000
0.000000
0.000000
0.000000
0.000000
0.000000
0.071267
0.000000
0.000000
0.000000
0.107822
0.000000
0.000000
0.000000
0.000000
0.000000
0.000000
0.000000
1.748169
0.000000
0.000000
0.000000
0.232601
0.000000
0.000000
0.000000
0.000000
0.000000
0.000000
0.000000
0.252436
0.000000
0.000000
0.000000
0.000000
0.000000
0.000000
0.000000
0.000000
0.000000
0.000000
0.000000
0.000000
0.866877
0.000000
0.000000
0.000000
0.617651
0.000000
0.000000
0.000000
0.000000
0.360278
0.000000
0.000000
0.000000
1.528958
0.000000
0.000000
0.000000
0.000000
0.000000
0.000000
0.000000
0.892325
0.000000
0.000000
0.000000
0.000000
0.000000
0.000000
0.000000
0.000000
0.000000
0.000000
0.000000
0.000000
0.000000
0.000000
0.000000
0.000000
0.000000
0.592703
0.000000
0.000000
0.000000
0.000000
0.000000
0.000000
0.000000
0.000000
0.000000
0.000000
0.000000
0.000000
0.000000
0.000000
0.000000
0.000000
0.000000
0.000000
0.000000
0.000000
0.000000
0.000000
0.000000
0.000000
0.000000
0.000000
0.000000
0.000000
0.877375
0.000000
0.000000
0.000000
0.000000
0.000000
0.000000
0.000000
0.000000
0.000000
0.000000
0.000000
0.000000
0.000000
0.000000
0.000000
0.000000
1.254725
1.869412
0.000000
0.000000
0.000000
0.000000
0.000000
0.000000
0.353772
0.000000
0.000000
0.000000
0.000000
0.000000
0.000000
0.000000
0.000000
0.000000
0.234960
0.000000
0.000000
0.000000
0.000000
0.000000
0.000000
0.000000
0.000000
0.007193
1.390761
0.000000
0.000000
0.000000
0.000000
0.000000
0.000000
0.791000
0.000000
0.000000
0.000000
0.000000
0.000000
0.000000
0.000000
0.000000
0.000000
0.000000
0.000000
0.241922
0.000000
0.000000
0.000000
0.000000
0.000000
0.084822
0.000000
0.000000
0.000000
0.000000
0.000000
0.000000
0.000000
0.000000
0.000000
0.000000
0.000000
0.903326
0.000000
0.000000
0.000000
0.000000
0.000000
0.000000
0.140746
0.000000
0.000000
0.000000
0.000000
0.000000
0.000000
0.000000
0.000000
0.000000
0.000000
0.000000
0.000000
0.000000
0.000000
0.000000
0.000000
0.074253
0.000000
0.000000
0.818212
0.000000
0.000000
0.000000
0.000000
0.000000
0.000000
0.605114
0.406115
0.000000
0.000000
0.000000
0.000000
0.000000
0.000000
0.000000
0.000000
0.000000
0.000000
0.000000
0.000000
0.000000
0.157020
0.000000
0.000000
1.188738
0.000000
0.000000
0.000000
0.761393
0.000000
0.000000
0.000000
0.000000
0.000000
0.000000
0.000000
0.252093
0.000000
0.000000
0.000000
0.000000
0.427691
0.000000
0.000000
0.213363
0.000000
0.000000
0.000000
0.000000
0.000000
0.000000
0.000000
0.000000
0.000000
0.141530
0.000000
0.000000
0.000000
0.000000
0.000000
0.000000
0.000000
0.000000
0.000000
0.000000
0.000000
0.031053
0.552576
0.000000
0.000000
0.000000
0.000000
0.000000
0.000000
0.000000
0.000000
0.000000
0.052171
0.000000
0.000000
0.000000
0.000000
0.000000
0.316900
0.000000
0.000000
0.000000
0.000000
0.000000
0.018896
0.000000
0.000000
0.000000
0.000000
0.000000
0.000000
0.000000
0.000000
0.000000
0.000000
0.041571
0.000000
0.000000
0.000000
0.000000
0.501582
0.000000
0.000000
0.532835
0.100602
0.000000
0.000000
0.000000
0.000000
0.000000
0.000000
0.000000
0.000000
1.168428
0.000000
0.000000
0.000000
0.000000
0.000000
0.000000
0.000000
0.000000
0.000000
0.000000
0.000000
0.111660
1.042940
0.044267
0.000000
0.000000
0.388955
0.000000
0.000000
0.000000
0.000000
0.000000
0.309976
0.000000
0.000000
0.000000
0.000000
0.000000
0.099551
0.000000
0.000000
0.000000
0.000000
0.000000
0.000000
0.000000
0.000000
0.000000
0.000000
0.000000
0.000000
0.000000
0.000000
0.000000
0.000000
0.000000
0.000000
0.000000
0.000000
0.000000
0.423848
0.000000
0.000000
0.000000
0.607199
0.000000
0.000000
0.000000
0.000000
0.000000
0.000000
0.000000
0.000000
1.465334
0.000000
0.000000
0.000000
0.000000
0.000000
0.000000
0.000000
0.000000
0.000000
0.396437
0.000000
0.065221
1.117629
0.150819
0.367628
0.000000
0.152432
0.000000
0.000000
0.000000
0.000000
0.000000
0.447919
0.000000
0.000000
0.000000
0.000000
0.000000
0.000000
0.000000
0.000000
0.000000
0.000000
0.000000
0.000000
0.000000
0.000000
0.000000
0.000000
0.000000
0.000000
0.000000
0.000000
0.000000
0.000000
0.000000
0.000000
0.000000
0.000000
0.000000
0.409577
0.000000
0.000000
0.000000
0.587515
0.000000
0.000000
0.000000
0.000000
0.000000
0.000000
0.000000
0.000000
1.464142
0.000000
0.000000
0.000000
0.000000
0.000000
0.000000
0.000000
0.000000
0.000000
0.668971
0.000000
0.000000
1.227859
0.038175
0.587264
0.000000
0.063648
0.000000
0.000000
0.000000
0.000000
0.000000
0.641450
0.000000
0.000000
0.000000
0.000000
0.000000
0.000000
0.000000
0.000000
0.000000
0.000000
0.000000
0.000000
0.000000
0.000000
0.000000
0.000000
0.000000
0.000000
0.000000
0.000000
0.000000
0.000000
0.000000
0.000000
0.000000
0.000000
0.000000
0.180816
0.000000
0.000000
0.000000
0.769898
0.000000
0.000000
0.000000
0.000000
0.000000
0.000000
0.000000
0.000000
1.817749
0.000000
0.000000
0.000000
0.000000
0.000000
0.000000
0.000000
0.000000
0.000000
0.823509
0.000000
0.075445
1.197958
0.235483
0.702380
0.000000
0.129590
0.000000
0.000000
0.000000
0.000000
0.000000
0.510888
0.000000
0.000000
0.000000
0.000000
0.000000
0.000000
0.000000
0.000000
0.000000
0.000000
0.000000
0.000000
0.000000
0.000000
0.000000
0.000000
0.000000
0.000000
0.000000
0.000000
0.000000
0.000000
0.000000
0.000000
0.000000
0.000000
0.000000
0.018497
0.000000
0.000000
0.048376
0.307530
0.000000
0.000000
0.000000
0.000000
0.000000
0.000000
0.000000
0.000000
1.633175
0.000000
0.000000
0.000000
0.000000
0.000000
0.000000
0.000000
0.000000
0.000000
0.305244
0.000000
0.000000
0.697317
0.000000
0.000000
0.000000
0.657729
0.000000
0.000000
0.000000
0.000000
0.000000
0.245774
0.000000
0.000000
0.000000
0.000000
0.000000
0.000000
0.000000
0.000000
0.000000
0.000000
0.000000
0.000000
0.000000
0.000000
0.000000
0.000000
0.027820
0.000000
0.000000
0.000000
0.000000
0.000000
0.000000
0.000000
0.000000
0.000000
0.000000
0.000000
0.000000
0.000000
0.000000
0.000000
0.000000
0.000000
0.000000
0.000000
0.000000
0.000000
0.000000
0.000000
1.006930
0.000000
0.000000
0.000000
0.000000
0.000000
0.000000
0.000000
0.000000
0.000000
0.000000
0.000000
0.000000
0.000000
0.000000
0.000000
0.000000
0.559959
0.000000
0.000000
0.000000
0.000000
0.000000
0.000000
0.000000
0.000000
0.000000
0.000000
0.000000
0.000000
0.000000
0.000000
0.000000
0.000000
0.000000
0.000000
0.000000
0.000000
0.000000
0.000000
0.000000
0.000000
0.000000
0.000000
0.000000
0.000000
0.000000
0.000000
0.000000
0.000000
0.000000
0.000000
0.000000
0.000000
0.000000
0.000000
0.000000
0.534239
0.000000
0.000000
0.000000
0.000000
0.196941
0.000000
0.000000
0.000000
0.000000
0.000000
0.000000
0.000000
0.000000
0.000000
0.000000
0.000000
1.326324
0.000000
0.000000
0.000000
0.000000
0.000000
0.000000
0.000000
0.000000
0.000000
0.000000
0.000000
0.000000
0.000000
0.000000
0.000000
0.000000
0.000000
0.000000
0.000000
0.000000
0.000000
0.000000
0.907491
0.000000
0.000000
0.000000
0.000000
0.000000
0.000000
0.812155
0.000000
0.000000
0.000000
0.000000
2.531389
0.000000
0.000000
0.000000
0.000000
0.000000
0.000000
0.000000
0.000000
0.000000
0.000000
0.000000
0.000000
0.101807
0.000000
0.000000
0.000000
0.857782
0.000000
0.000000
0.000000
0.000000
0.000000
0.000000
0.000000
0.000000
0.000000
0.679809
0.016289
0.000000
0.000000
0.000000
0.000000
0.000000
0.000000
0.000000
0.000000
0.000000
0.000000
0.000000
0.000000
0.000000
0.000000
0.000000
0.000000
0.000000
0.000000
0.000000
0.000000
0.000000
0.000000
0.000000
0.000000
0.000000
0.000000
0.137994
0.000000
0.000000
0.000000
0.313457
0.000000
0.000000
0.000000
0.000000
0.051667
0.632844
0.000000
0.000000
0.000000
0.000000
0.000000
0.405138
0.225144
0.000000
0.000000
0.000000
0.000000
0.000000
0.000000
0.000000
0.000000
0.000000
0.000000
0.000000
0.000000
0.000000
0.000000
0.000000
0.000000
0.000000
0.000000
0.000000
1.913357
0.000000
0.000000
0.000000
0.000000
0.000000
0.000000
0.000000
0.142700
0.000000
0.000000
0.000000
0.000000
0.000000
0.000000
0.000000
0.000000
0.000000
0.000000
0.000000
0.000000
0.000000
1.242255
0.000000
0.000000
0.967093
0.000000
0.000000
0.000000
0.000000
0.000000
0.000000
0.000000
0.000000
0.000000
0.000000
0.000000
0.420688
0.000000
0.000000
0.000000
0.000000
0.000000
0.000000
0.000000
0.000000
0.000000
0.000000
0.000000
0.000000
0.000000
0.000000
0.000000
0.000000
0.000000
0.000000
0.000000
0.000000
0.000000
0.000000
0.000000
0.000000
0.051776
0.000000
0.590539
0.000000
0.000000
0.000000
0.000000
0.000000
0.836194
0.000000
0.559053
0.000000
0.000000
0.000000
0.000000
0.000000
0.000000
0.000000
0.000000
0.000000
0.000000
0.000000
0.000000
0.000000
0.101195
0.000000
0.885895
0.692001
0.000000
0.000000
0.000000
0.624584
0.000000
0.000000
0.000000
0.000000
0.000000
0.000000
0.000000
0.000000
0.000000
0.000000
0.000000
0.000000
0.000000
0.000000
0.000000
0.000000
0.000000
0.000000
0.000000
0.000000
0.000000
0.000000
0.000000
0.000000
0.000000
0.000000
0.000000
0.000000
0.000000
0.000000
0.000000
0.000000
0.000000
0.000000
0.008654
0.000000
0.000000
0.000000
0.000000
0.000000
0.162968
0.000000
0.000000
0.000000
0.000000
0.000000
0.000000
0.000000
0.000000
0.000000
0.000000
0.000000
0.000000
0.000000
0.000000
0.000000
0.025373
0.018891
0.000000
0.000000
0.000000
0.000000
0.000000
0.000000
0.000000
0.000000
0.000000
0.000000
0.000000
0.000000
0.000000
0.000000
0.000000
0.000000
0.000000
0.000000
0.000000
0.000000
0.000000
0.000000
0.000000
0.000000
0.000000
0.000000
0.000000
0.000000
0.000000
0.000000
0.000000
0.000000
0.000000
0.000000
0.000000
0.000000
0.000000
0.000000
0.000000
0.000000
0.008654
0.000000
0.000000
0.000000
0.000000
0.000000
0.162968
0.000000
0.000000
0.000000
0.000000
0.000000
0.000000
0.000000
0.000000
0.000000
0.000000
0.000000
0.000000
0.000000
0.000000
0.000000
0.025373
0.018891
0.000000
0.000000
0.000000
0.000000
0.000000
0.000000
0.000000
0.000000
0.000000
0.000000
0.000000
0.000000
0.000000
0.000000
0.000000
0.000000
0.000000
0.000000
0.000000
0.000000
0.000000
0.000000
0.000000
0.000000
0.000000
0.000000
0.000000
0.000000
0.000000
0.000000
0.000000
0.000000
0.000000
0.000000
0.000000
0.000000
0.000000
0.000000
0.000000
0.000000
0.001884
0.000000
0.000000
0.000000
0.000000
0.000000
0.155650
0.000000
0.000000
0.000000
0.000000
0.000000
0.000000
0.000000
0.000000
0.000000
0.000000
0.000000
0.000000
0.000000
0.000000
0.000000
0.014470
0.010588
0.000000
0.000000
0.000000
0.000000
0.000000
0.000000
0.000000
0.000000
0.000000
0.000000
0.000000
0.000000
0.000000
0.000000
0.000000
0.000000
0.000000
0.000000
0.000000
0.000000
0.000000
0.053268
0.000000
0.000000
0.000000
0.000000
0.000000
0.000000
0.000000
0.000000
0.000000
0.059056
0.000000
0.000000
0.000000
0.000000
0.000000
0.000000
0.000000
0.000000
0.000000
0.000000
0.000000
0.024673
0.086219
0.000000
0.099490
0.000000
0.000000
0.000000
0.000000
0.000000
0.000000
0.000000
0.000000
0.000000
0.000000
0.000000
0.000000
0.000000
0.000000
0.000000
0.000000
0.000000
0.000000
0.000000
0.000000
0.000000
0.000000
0.000000
0.000000
0.000000
0.000000
0.000000
0.000000
0.000000
0.000000
0.000000
0.000000
0.000000
0.000000
0.000000
0.000000
0.000000
0.000000
0.097331
0.000000
0.000000
0.000000
0.000000
0.000000
0.000000
0.000000
0.000000
0.000000
0.106217
0.000000
0.000000
0.000000
0.000000
0.000000
0.000000
0.000000
0.000000
0.000000
0.000000
0.000000
0.000000
0.078021
0.000000
0.000000
0.000000
0.000000
0.000000
0.000000
0.000000
0.000000
0.000000
0.000000
0.000000
0.000000
0.000000
0.000000
0.000000
0.000000
0.000000
0.000000
0.000000
0.000000
0.000000
0.000000
0.000000
0.000000
0.000000
0.000000
0.000000
0.000000
0.000000
0.000000
0.000000
0.000000
0.000000
0.000000
0.000000
0.000000
0.000000
0.000000
0.000000
0.000000
0.000000
0.000000
0.000000
0.000000
0.000000
0.000000
0.000000
0.000000
0.000000
0.000000
0.000000
0.000000
0.000000
0.000000
0.000000
0.000000
0.000000
0.000000
0.000000
0.000000
0.000000
0.000000
0.000000
0.000000
0.000000
0.000000
0.000000
0.460301
0.000000
0.000000
0.000000
0.000000
0.000000
0.000000
0.000000
0.000000
0.000000
0.000000
0.000000
0.000000
0.000000
0.123238
0.185777
0.000000
0.194217
0.000000
0.000000
0.000000
0.522806
0.000000
0.000000
0.000000
0.000000
0.000000
0.000000
0.000000
0.000000
0.000000
0.239540
0.000000
0.000000
0.000000
0.000000
0.000000
0.000000
0.000000
0.000000
0.979315
0.000000
0.000000
0.000000
0.000000
0.000000
0.000000
0.000000
1.719372
0.586894
0.119908
0.000000
0.000000
0.000000
0.000000
0.000000
0.000000
0.000000
0.000000
0.000000
0.000000
0.000000
0.000000
0.000000
0.000000
0.000000
0.000000
1.229412
0.000000
0.000000
0.000000
0.000000
0.000000
0.000000
0.000000
0.000000
0.000000
0.000000
0.000000
0.000000
1.600939
0.000000
0.000000
0.000000
0.000000
1.417485
0.000000
0.497423
0.000000
0.000000
0.000000
0.000000
1.363583
0.000000
0.000000
0.000000
0.000000
0.000000
0.000000
0.000000
0.000000
0.000000
0.000000
0.000000
1.804078
0.234471
0.000000
0.000000
0.000000
1.171176
0.000000
0.000000
0.000000
1.073323
0.000000
0.000000
0.000000
0.000000
0.000000
1.186807
0.000000
0.310633
0.000000
0.000000
0.000000
0.000000
0.000000
0.000000
0.000000
0.000000
0.000000
0.000000
0.000000
0.000000
0.000000
0.000000
0.000000
0.000000
0.000000
0.000000
0.000000
0.000000
0.000000
0.000000
0.315103
0.000000
0.000000
0.240846
0.000000
0.000000
0.000000
1.815864
0.000000
0.000000
0.000000
0.000000
0.909027
0.000000
0.000000
0.000000
0.000000
0.000000
0.000000
0.215028
0.000000
0.170911
0.000000
0.000000
0.000000
0.534971
0.498664
0.000000
0.000000
0.000000
0.000000
0.000000
0.000000
0.000000
0.000000
0.000000
0.000000
0.265859
0.000000
0.670694
1.447273
0.000000
0.000000
0.000000
0.000000
0.000000
0.000000
0.000000
0.000000
0.000000
0.000000
0.000000
0.000000
0.000000
0.000000
0.000000
0.000000
0.000000
0.000000
0.000000
0.000000
0.000000
0.663422
0.000000
0.000000
0.000000
0.000000
0.000000
0.000000
0.000000
0.000000
0.000000
0.000000
0.000000
0.000000
0.000000
0.000000
0.028616
0.000000
0.000000
0.000000
0.000000
0.000000
0.000000
0.000000
0.184161
0.000000
0.000000
0.000000
0.000000
0.000000
0.000000
0.000000
0.000000
0.000000
0.000000
0.000000
0.000000
0.000000
0.000000
0.106936
0.000000
0.000000
0.000000
1.248011
0.000000
0.000000
0.000000
0.000000
0.000000
0.728645
0.000000
0.727533
0.000000
0.000000
0.000000
0.000000
0.000000
0.000000
0.000000
0.000000
0.000000
0.251458
0.000000
0.000000
0.000000
0.782948
0.000000
0.000000
0.954110
0.000000
0.000000
0.000000
0.719817
0.000000
0.000000
0.000000
0.000000
0.000000
0.000000
0.000000
0.060819
0.000000
0.000000
0.000000
0.000000
0.000000
0.000000
0.000000
0.000000
0.000000
0.000000
0.000000
0.000000
0.000000
0.000000
0.004986
0.000000
0.000000
0.000000
0.000000
0.000000
0.000000
0.000000
0.000000
0.000000
0.404406
0.000000
0.101078
0.000000
0.000000
0.000000
0.000000
0.000000
0.868486
0.000000
0.078817
0.000000
0.000000
0.000000
0.000000
0.000000
0.000000
0.000000
0.000000
0.000000
0.000000
0.000000
0.000000
0.000000
0.000000
0.000000
0.516101
0.025720
0.000000
0.000000
0.000000
0.183765
0.000000
0.000000
0.000000
0.000000
0.000000
0.000000
0.000000
0.000000
0.000000
0.000000
0.000000
0.000000
0.000000
0.000000
0.000000
0.000000
0.000000
0.000000
0.000000
0.000000
0.000000
0.000000
0.000000
0.000000
0.000000
0.000000
0.000000
0.000000
0.000000
0.000000
0.000000
0.000000
0.000000
0.000000
0.008654
0.000000
0.000000
0.000000
0.000000
0.000000
0.162968
0.000000
0.000000
0.000000
0.000000
0.000000
0.000000
0.000000
0.000000
0.000000
0.000000
0.000000
0.000000
0.000000
0.000000
0.000000
0.025373
0.018891
0.000000
0.000000
0.000000
0.000000
0.000000
0.000000
0.000000
0.000000
0.000000
0.000000
0.000000
0.000000
0.000000
0.000000
0.000000
0.000000
0.000000
0.000000
0.000000
0.000000
0.000000
0.000000
0.000000
0.000000
0.000000
0.000000
0.000000
0.000000
0.000000
0.000000
0.000000
0.000000
0.000000
0.000000
0.000000
0.000000
0.000000
0.000000
0.000000
0.000000
0.008654
0.000000
0.000000
0.000000
0.000000
0.000000
0.162968
0.000000
0.000000
0.000000
0.000000
0.000000
0.000000
0.000000
0.000000
0.000000
0.000000
0.000000
0.000000
0.000000
0.000000
0.000000
0.025373
0.018891
0.000000
0.000000
0.000000
0.000000
0.000000
0.000000
0.000000
0.000000
0.000000
0.000000
0.000000
0.000000
0.000000
0.000000
0.000000
0.000000
0.000000
0.000000
0.000000
0.000000
0.000000
0.000000
0.000000
0.000000
0.000000
0.000000
0.000000
0.000000
0.000000
0.000000
0.000000
0.000000
0.000000
0.000000
0.000000
0.000000
0.000000
0.000000
0.000000
0.000000
0.008654
0.000000
0.000000
0.000000
0.000000
0.000000
0.162968
0.000000
0.000000
0.000000
0.000000
0.000000
0.000000
0.000000
0.000000
0.000000
0.000000
0.000000
0.000000
0.000000
0.000000
0.000000
0.025373
0.018891
0.000000
0.000000
0.000000
0.000000
0.000000
0.000000
0.000000
0.000000
0.000000
0.000000
0.000000
0.000000
0.000000
0.000000
0.000000
0.000000
0.000000
0.000000
0.000000
0.000000
0.000000
0.000570
0.000000
0.000000
0.000000
0.000000
0.000000
0.000000
0.000000
0.000000
0.000000
0.000000
0.000000
0.000000
0.000000
0.000000
0.000000
0.000000
0.000000
0.000000
0.011877
0.000000
0.000000
0.000000
0.000000
0.000000
0.148602
0.000000
0.000000
0.000000
0.000000
0.000000
0.000000
0.000000
0.000000
0.000000
0.000000
0.000000
0.000000
0.000000
0.000000
0.000000
0.024828
0.012194
0.000000
0.000000
0.000000
0.000000
0.000000
0.000000
0.000000
0.000000
0.000000
0.000000
0.000000
0.000000
0.000000
0.000000
0.000000
0.000000
0.000000
0.000000
0.000000
0.000000
0.000000
0.141351
0.000000
0.000000
0.000000
0.000000
0.000000
0.000000
0.000000
0.000000
0.000000
0.000000
0.000000
0.000000
0.000000
0.000000
0.000000
0.000000
0.000000
0.000000
0.000000
0.000000
0.000000
0.000000
0.000000
0.000000
0.000000
0.000000
0.287699
0.000000
0.000000
0.000000
0.000000
0.000000
0.000000
0.000000
0.000000
0.000000
0.000000
0.000000
0.027076
0.000000
0.092428
0.298510
0.000000
0.000000
0.000000
0.000000
0.085230
0.235241
0.000000
0.000000
0.000000
0.000000
0.000000
0.000000
0.000000
0.000000
0.000000
0.109020
0.000000
0.000000
0.000000
0.107595
0.000000
0.000000
0.000000
0.000000
0.304301
0.000000
0.000000
0.000000
0.000000
0.000000
0.000000
0.000000
1.173265
0.000000
0.000000
0.099692
0.000000
0.000000
0.000000
0.000000
0.000000
0.000000
0.000000
0.000000
0.000000
0.000000
0.000000
0.000000
0.000000
0.000000
0.123561
1.180926
0.000000
0.000000
0.000000
0.000000
0.000000
0.000000
0.000000
0.000000
0.000000
0.000000
0.000000
0.270102
0.844541
0.436146
0.000000
0.000000
0.112544
1.326031
0.000000
0.000000
0.035595
0.000000
0.000000
0.000000
0.000000
0.000000
0.000000
0.275650
0.000000
0.000000
0.000000
0.000000
0.000000
0.000000
0.000000
0.000000
2.029215
0.000000
0.097262
0.000000
0.000000
0.660473
0.000000
0.000000
1.984341
1.673779
0.000000
0.000000
0.000000
0.000000
0.000000
0.404888
0.000000
0.471398
0.000000
0.000000
0.000000
0.000000
0.000000
0.000000
0.000000
0.000000
0.000000
0.000000
0.000000
0.000000
0.000000
0.000000
0.000000
0.000000
0.000000
0.000000
0.000000
0.000000
0.000000
0.000000
1.693157
0.000000
0.000000
0.000000
0.000000
0.000000
0.000000
1.368827
0.000000
0.000000
0.000000
0.000000
1.948778
0.000000
0.314262
0.000000
0.000000
0.000000
0.000000
0.000000
0.000000
0.239313
0.000000
0.000000
0.320459
1.075353
0.706920
0.000000
0.000000
0.409499
0.000000
0.000000
0.000000
0.000000
0.000000
0.000000
0.000000
0.000000
0.000000
1.523187
0.000000
0.000000
0.000000
0.000000
0.000000
0.000000
0.000000
0.000000
0.000000
0.000000
0.000000
0.000000
0.000000
0.000000
0.000000
0.000000
0.000000
0.000000
0.000000
0.000000
0.000000
0.000000
0.000000
0.000000
0.000000
0.000000
0.000000
0.651502
0.000000
0.000000
0.000000
0.445028
0.000000
0.000000
0.000000
0.000000
0.000000
0.000000
0.000000
0.000000
0.000000
0.000000
0.000000
0.627244
0.015760
0.302323
0.000000
0.000000
0.000000
0.006203
0.237467
0.000000
0.000000
0.000000
0.000000
0.000000
0.000000
0.000000
0.000000
0.000000
0.000000
0.483883
0.000000
0.000000
1.660203
0.000000
0.000000
0.000000
0.000000
0.000000
0.154848
0.000000
0.410921
0.000000
0.000000
0.000000
0.000000
0.000000
0.000000
0.000000
0.000000
0.000000
0.004735
0.000000
0.000000
0.000000
1.293946
0.000000
0.000000
0.799738
0.000000
0.000000
0.000000
0.000000
0.000000
0.000000
0.000000
0.000000
0.000000
0.000000
0.000000
0.087438
0.000000
0.000000
0.000000
0.000000
0.000000
0.000000
0.000000
0.000000
0.000000
0.000000
0.000000
0.000000
0.000000
0.000000
0.010962
0.000000
0.000000
0.000000
0.000000
0.000000
0.000000
0.000000
0.000000
0.000000
0.408126
0.000000
0.432117
0.000000
0.000000
0.000000
0.000000
0.000000
1.280080
0.000000
0.462833
0.000000
0.000000
0.000000
0.000000
0.000000
0.000000
0.000000
0.000000
0.000000
0.165725
0.000000
0.000000
0.000000
0.036409
0.000000
0.737709
0.402164
0.000000
0.000000
0.000000
0.408724
0.000000
0.000000
0.000000
0.000000
0.000000
0.000000
0.000000
0.000000
0.000000
0.000000
0.000000
0.000000
0.000000
0.000000
0.000000
0.000000
0.000000
0.000000
0.000000
0.000000
0.000000
0.000000
0.000000
0.000000
0.000000
0.000000
0.000000
0.000000
0.000000
0.000000
0.000000
0.000000
0.027963
0.000000
0.000000
0.000000
0.000000
0.000000
0.000000
0.000000
0.292904
0.000000
0.000000
0.000000
0.000000
0.000000
0.000000
0.000000
0.000000
0.000000
0.000000
0.000000
0.000000
0.000000
0.000000
0.000000
0.000000
0.000000
0.049521
0.000000
0.000000
0.000000
0.000000
0.000000
0.000000
0.000000
0.000000
0.000000
0.000000
0.000000
0.000000
0.000000
0.000000
0.000000
0.000000
0.000000
0.000000
0.000000
0.000000
0.000000
0.000000
0.000000
0.000000
0.000000
0.000000
0.000000
0.000000
0.000000
0.000000
0.000000
0.000000
0.000000
0.000000
0.000000
0.000000
0.000000
0.000000
0.000000
0.008654
0.000000
0.000000
0.000000
0.000000
0.000000
0.162968
0.000000
0.000000
0.000000
0.000000
0.000000
0.000000
0.000000
0.000000
0.000000
0.000000
0.000000
0.000000
0.000000
0.000000
0.000000
0.025373
0.018891
0.000000
0.000000
0.000000
0.000000
0.000000
0.000000
0.000000
0.000000
0.000000
0.000000
0.000000
0.000000
0.000000
0.000000
0.000000
0.000000
0.000000
0.000000
0.000000
0.000000
0.000000
0.000000
0.000000
0.000000
0.000000
0.000000
0.000000
0.000000
0.000000
0.000000
0.000000
0.000000
0.000000
0.000000
0.000000
0.000000
0.000000
0.000000
0.000000
0.000000
0.008654
0.000000
0.000000
0.000000
0.000000
0.000000
0.162968
0.000000
0.000000
0.000000
0.000000
0.000000
0.000000
0.000000
0.000000
0.000000
0.000000
0.000000
0.000000
0.000000
0.000000
0.000000
0.025373
0.018891
0.000000
0.000000
0.000000
0.000000
0.000000
0.000000
0.000000
0.000000
0.000000
0.000000
0.000000
0.000000
0.000000
0.000000
0.000000
0.000000
0.000000
0.000000
0.000000
0.000000
0.000000
0.000000
0.000000
0.000000
0.000000
0.000000
0.000000
0.000000
0.000000
0.000000
0.000000
0.000000
0.000000
0.000000
0.000000
0.000000
0.000000
0.000000
0.000000
0.000000
0.008654
0.000000
0.000000
0.000000
0.000000
0.000000
0.162968
0.000000
0.000000
0.000000
0.000000
0.000000
0.000000
0.000000
0.000000
0.000000
0.000000
0.000000
0.000000
0.000000
0.000000
0.000000
0.025373
0.018891
0.000000
0.000000
0.000000
0.000000
0.000000
0.000000
0.000000
0.000000
0.000000
0.000000
0.000000
0.000000
0.000000
0.000000
0.000000
0.000000
0.000000
0.000000
0.000000
0.000000
0.000000
0.073038
0.000000
0.000000
0.000000
0.000000
0.000000
0.000000
0.000000
0.000000
0.000000
0.000000
0.000000
0.000000
0.000000
0.000000
0.000000
0.000000
0.000000
0.000000
0.006119
0.000000
0.000000
0.000000
0.000000
0.000000
0.000000
0.000000
0.133978
0.000000
0.000000
0.000000
0.000000
0.000000
0.000000
0.000000
0.000000
0.000000
0.000000
0.000000
0.003225
0.000000
0.000000
0.107722
0.000000
0.000000
0.000000
0.000000
0.000000
0.093592
0.000000
0.000000
0.000000
0.000000
0.000000
0.000000
0.000000
0.000000
0.000000
0.000000
0.000000
0.000000
0.000000
0.083967
0.000000
0.000000
0.000000
0.000000
0.000000
0.000000
0.000000
0.000000
0.000000
0.000000
0.000000
0.000000
0.312957
0.000000
0.000000
0.006324
0.000000
0.000000
0.360525
0.000000
0.000000
0.000000
0.000000
0.000000
0.000000
0.000000
0.000000
0.000000
0.474001
0.000000
0.000000
0.835965
0.000000
0.000000
0.000000
0.000000
0.000000
0.000000
0.000000
0.000000
0.000000
0.000000
0.065769
0.987721
0.437680
0.392787
0.000000
0.000000
0.097254
0.952529
0.000000
0.000000
0.093382
0.000000
0.000000
0.000000
0.000000
0.000000
0.000000
0.254501
0.000000
0.000000
0.000000
0.000000
0.000000
0.000000
0.000000
0.000000
1.075120
0.000000
0.000000
0.000000
0.000000
0.000000
0.000000
0.000000
2.179849
1.306468
0.000000
0.000000
0.000000
0.000000
0.000000
0.000000
0.000000
0.000000
0.000000
0.000000
0.000000
0.000000
0.000000
0.000000
0.000000
0.000000
0.000000
1.683500
0.000000
0.000000
0.000000
0.000000
0.000000
0.000000
0.000000
0.000000
0.000000
0.000000
0.000000
0.000000
1.827528
0.000000
0.000000
0.000000
0.000000
0.843915
0.000000
0.555459
0.000000
0.026856
0.000000
0.000000
2.104026
0.000000
0.000000
0.000000
0.000000
0.000000
0.000000
0.000000
0.000000
0.000000
0.000000
0.000000
2.020882
0.121165
0.000000
0.000000
0.000000
1.553249
0.000000
0.000000
0.000000
1.384474
0.000000
0.000000
0.000000
0.000000
0.000000
1.371230
0.000000
0.000000
0.000000
0.000000
0.000000
0.000000
0.000000
0.000000
0.000000
0.000000
0.000000
0.000000
0.000000
0.000000
0.000000
0.000000
0.000000
0.000000
0.000000
0.000000
0.000000
0.000000
0.000000
0.000000
0.000000
0.000000
0.000000
0.664671
0.000000
0.000000
0.000000
1.213809
0.000000
0.000000
0.000000
0.000000
0.784007
0.000000
0.000000
0.000000
0.000000
0.000000
0.000000
0.298664
0.000000
0.000000
0.000000
0.000000
0.000000
0.382895
0.414470
0.000000
0.000000
0.000000
0.000000
0.000000
0.000000
0.000000
0.000000
0.000000
0.000000
0.376255
0.000000
0.532806
1.569340
0.000000
0.000000
0.000000
0.000000
0.000000
0.000000
0.000000
0.000000
0.000000
0.000000
0.000000
0.000000
0.000000
0.000000
0.000000
0.000000
0.000000
0.000000
0.000000
0.000000
0.000000
0.851397
0.000000
0.000000
0.000000
0.000000
0.000000
0.000000
0.000000
0.000000
0.000000
0.000000
0.000000
0.000000
0.117220
0.000000
0.151818
0.000000
0.000000
0.000000
0.000000
0.000000
0.000000
0.000000
0.038403
0.000000
0.000000
0.000000
0.000000
0.000000
0.000000
0.000000
0.000000
0.000000
0.000000
0.000000
0.000000
0.000000
0.000000
0.080288
0.000000
0.000000
0.000000
1.128823
0.000000
0.000000
0.000000
0.000000
0.000000
0.715295
0.000000
0.655614
0.000000
0.000000
0.000000
0.000000
0.000000
0.000000
0.000000
0.000000
0.000000
0.374896
0.000000
0.000000
0.000000
0.586161
0.000000
0.000000
0.969145
0.000000
0.000000
0.000000
0.812436
0.000000
0.000000
0.000000
0.000000
0.000000
0.000000
0.000000
0.060191
0.000000
0.000000
0.000000
0.000000
0.000000
0.000000
0.000000
0.000000
0.000000
0.000000
0.000000
0.000000
0.000000
0.000000
0.000000
0.000000
0.000000
0.000000
0.000000
0.000000
0.000000
0.000000
0.000000
0.000000
0.396915
0.000000
0.055435
0.000000
0.000000
0.000000
0.000000
0.000000
0.806741
0.000000
0.007775
0.000000
0.000000
0.000000
0.000000
0.000000
0.000000
0.000000
0.000000
0.000000
0.000000
0.000000
0.000000
0.000000
0.000000
0.000000
0.422314
0.000000
0.000000
0.000000
0.000000
0.114259
0.000000
0.000000
0.000000
0.000000
0.000000
0.000000
0.000000
0.000000
0.000000
0.000000
0.000000
0.000000
0.000000
0.000000
0.000000
0.000000
0.000000
0.000000
0.000000
0.000000
0.000000
0.000000
0.000000
0.000000
0.000000
0.000000
0.000000
0.000000
0.000000
0.000000
0.000000
0.000000
0.000000
0.000000
0.008654
0.000000
0.000000
0.000000
0.000000
0.000000
0.162968
0.000000
0.000000
0.000000
0.000000
0.000000
0.000000
0.000000
0.000000
0.000000
0.000000
0.000000
0.000000
0.000000
0.000000
0.000000
0.025373
0.018891
0.000000
0.000000
0.000000
0.000000
0.000000
0.000000
0.000000
0.000000
0.000000
0.000000
0.000000
0.000000
0.000000
0.000000
0.000000
0.000000
0.000000
0.000000
0.000000
0.000000
0.000000
0.000000
0.000000
0.000000
0.000000
0.000000
0.000000
0.000000
0.000000
0.000000
0.000000
0.000000
0.000000
0.000000
0.000000
0.000000
0.000000
0.000000
0.000000
0.000000
0.008654
0.000000
0.000000
0.000000
0.000000
0.000000
0.162968
0.000000
0.000000
0.000000
0.000000
0.000000
0.000000
0.000000
0.000000
0.000000
0.000000
0.000000
0.000000
0.000000
0.000000
0.000000
0.025373
0.018891
0.000000
0.000000
0.000000
0.000000
0.000000
0.000000
0.000000
0.000000
0.000000
0.000000
0.000000
0.000000
0.000000
0.000000
0.000000
0.000000
0.000000
0.000000
0.000000
0.000000
0.000000
0.000000
0.000000
0.000000
0.000000
0.000000
0.000000
0.000000
0.000000
0.000000
0.000000
0.000000
0.000000
0.000000
0.000000
0.000000
0.000000
0.000000
0.000000
0.000000
0.008654
0.000000
0.000000
0.000000
0.000000
0.000000
0.162968
0.000000
0.000000
0.000000
0.000000
0.000000
0.000000
0.000000
0.000000
0.000000
0.000000
0.000000
0.000000
0.000000
0.000000
0.000000
0.025373
0.018891
0.000000
0.000000
0.000000
0.000000
0.000000
0.000000
0.000000
0.000000
0.000000
0.000000
0.000000
0.000000
0.000000
0.000000
0.000000
0.000000
0.000000
0.000000
0.000000
0.000000
0.000000
0.021508
0.000000
0.000000
0.000000
0.000000
0.000000
0.000000
0.000000
0.000000
0.000000
0.000000
0.000000
0.000000
0.000000
0.000000
0.000000
0.000000
0.000000
0.000000
0.022289
0.000000
0.000000
0.000000
0.000000
0.000000
0.000000
0.000000
0.000000
0.000000
0.000000
0.000000
0.000000
0.000000
0.000000
0.000000
0.000000
0.000000
0.000000
0.000000
0.000000
0.000000
0.020866
0.002184
0.000000
0.000000
0.000000
0.000000
0.000000
0.001557
0.000000
0.000000
0.000000
0.000000
0.000000
0.000000
0.000000
0.000000
0.000000
0.000000
0.000000
0.000000
0.000000
0.000000
0.000000
0.000000
0.000000
0.000000
0.000000
0.000000
0.000000
0.000000
0.000000
0.000000
0.000000
0.000000
0.000000
0.000000
0.000000
0.000000
0.000000
0.000000
0.080694
0.000000
0.000000
0.000000
0.000000
0.000000
0.000000
0.000000
0.000000
0.000000
0.384490
0.000000
0.000000
0.126671
0.000000
0.000000
0.000000
0.000000
0.000000
0.000000
0.000000
0.000000
0.000000
0.000000
0.110789
0.590725
0.024392
0.297033
0.000000
0.000000
0.023409
0.548919
0.000000
0.000000
0.036490
0.000000
0.000000
0.000000
0.000000
0.000000
0.000000
0.134337
0.000000
0.000000
0.000000
0.000000
0.000000
0.000000
0.000000
0.000000
0.482282
0.000000
0.000000
0.000000
0.000000
0.000000
0.000000
0.000000
1.635427
0.689287
0.000000
0.054945
0.000000
0.000000
0.166605
0.000000
0.000000
0.000000
0.000000
0.000000
0.000000
0.000000
0.000000
0.000000
0.000000
0.000000
0.000000
2.042564
0.000000
0.000000
0.000000
0.000000
0.000000
0.000000
0.000000
0.000000
0.000000
0.000000
0.000000
0.000000
1.471416
0.133171
0.000000
0.000000
0.000000
1.462392
0.000000
0.086371
0.000000
0.000000
0.000000
0.000000
0.525009
0.000000
0.000000
0.000000
0.000000
0.000000
0.000000
0.000000
0.000000
0.000000
0.000000
0.000000
2.050110
0.000000
0.000000
0.000000
0.000000
1.391211
0.000000
0.000000
0.549527
1.886286
0.000000
0.000000
0.000000
0.000000
0.000000
0.461725
0.000000
0.267803
0.000000
0.000000
0.000000
0.000000
0.000000
0.000000
0.000000
0.000000
0.000000
0.000000
0.000000
0.000000
0.000000
0.000000
0.000000
0.000000
0.000000
0.000000
0.000000
0.000000
0.000000
0.000000
1.119731
0.000000
0.000000
0.000000
0.000000
0.000000
0.000000
1.294755
0.000000
0.000000
0.000000
0.000000
1.668223
0.000000
0.450866
0.000000
0.000000
0.000000
0.000000
0.000000
0.000000
0.381288
0.000000
0.000000
0.000000
0.746859
0.669675
0.000000
0.000000
0.290261
0.000000
0.000000
0.000000
0.000000
0.000000
0.000000
0.000000
0.075727
0.000000
1.844450
0.237295
0.000000
0.000000
0.000000
0.000000
0.000000
0.000000
0.000000
0.000000
0.000000
0.000000
0.000000
0.000000
0.000000
0.000000
0.000000
0.000000
0.000000
0.000000
0.000000
0.000000
0.000000
0.000000
0.000000
0.000000
0.000000
0.000000
0.903265
0.000000
0.000000
0.000000
0.000000
0.000000
0.000000
0.000000
0.000000
0.000000
0.000000
0.000000
0.000000
0.000000
0.000000
0.000000
0.380232
0.150854
0.450131
0.000000
0.000000
0.000000
0.000000
0.000000
0.000000
0.000000
0.000000
0.000000
0.000000
0.000000
0.000000
0.000000
0.000000
0.000000
0.646275
0.000000
0.000000
1.533175
0.000000
0.000000
0.000000
0.000000
0.000000
0.198515
0.000000
0.617440
0.000000
0.000000
0.000000
0.000000
0.000000
0.000000
0.000000
0.000000
0.000000
0.130626
0.000000
0.000000
0.000000
1.568926
0.000000
0.000000
0.795268
0.000000
0.000000
0.000000
0.185788
0.000000
0.000000
0.000000
0.000000
0.000000
0.000000
0.000000
0.121972
0.000000
0.000000
0.000000
0.000000
0.000000
0.000000
0.000000
0.000000
0.000000
0.000000
0.000000
0.000000
0.000000
0.000000
0.027955
0.000000
0.000000
0.000000
0.000000
0.000000
0.000000
0.000000
0.000000
0.000000
0.385117
0.000000
0.436008
0.000000
0.000000
0.000000
0.000000
0.000000
1.145618
0.000000
0.454112
0.000000
0.000000
0.000000
0.000000
0.000000
0.000000
0.000000
0.000000
0.000000
0.123312
0.000000
0.000000
0.000000
0.002542
0.000000
0.811150
0.417725
0.000000
0.000000
0.000000
0.403971
0.000000
0.000000
0.000000
0.000000
0.000000
0.000000
0.000000
0.000000
0.000000
0.000000
0.000000
0.000000
0.000000
0.000000
0.000000
0.000000
0.000000
0.000000
0.000000
0.000000
0.000000
0.000000
0.000000
0.000000
0.000000
0.000000
0.000000
0.000000
0.000000
0.000000
0.000000
0.000000
0.000000
0.000000
0.000000
0.000000
0.000000
0.000000
0.000000
0.000000
0.215233
0.000000
0.000000
0.000000
0.000000
0.000000
0.000000
0.000000
0.000000
0.000000
0.000000
0.000000
0.000000
0.000000
0.000000
0.000000
0.000000
0.000000
0.000000
0.000000
0.000000
0.000000
0.000000
0.000000
0.000000
0.000000
0.000000
0.000000
0.000000
0.000000
0.000000
0.000000
0.000000
0.000000
0.000000
0.000000
0.000000
0.000000
0.000000
0.000000
0.000000
0.000000
0.000000
0.000000
0.000000
0.000000
0.000000
0.000000
0.000000
0.000000
0.000000
0.000000
0.000000
0.000000
0.000000
0.000000
0.000000
0.000000
0.008654
0.000000
0.000000
0.000000
0.000000
0.000000
0.162968
0.000000
0.000000
0.000000
0.000000
0.000000
0.000000
0.000000
0.000000
0.000000
0.000000
0.000000
0.000000
0.000000
0.000000
0.000000
0.025373
0.018891
0.000000
0.000000
0.000000
0.000000
0.000000
0.000000
0.000000
0.000000
0.000000
0.000000
0.000000
0.000000
0.000000
0.000000
0.000000
0.000000
0.000000
0.000000
0.000000
0.000000
0.000000
0.000000
0.000000
0.000000
0.000000
0.000000
0.000000
0.000000
0.000000
0.000000
0.000000
0.000000
0.000000
0.000000
0.000000
0.000000
0.000000
0.000000
0.000000
0.000000
0.008654
0.000000
0.000000
0.000000
0.000000
0.000000
0.162968
0.000000
0.000000
0.000000
0.000000
0.000000
0.000000
0.000000
0.000000
0.000000
0.000000
0.000000
0.000000
0.000000
0.000000
0.000000
0.025373
0.018891
0.000000
0.000000
0.000000
0.000000
0.000000
0.000000
0.000000
0.000000
0.000000
0.000000
0.000000
0.000000
0.000000
0.000000
0.000000
0.000000
0.000000
0.000000
0.000000
0.000000
0.000000
0.000000
0.000000
0.000000
0.000000
0.000000
0.000000
0.000000
0.000000
0.000000
0.000000
0.000000
0.000000
0.000000
0.000000
0.000000
0.000000
0.000000
0.000000
0.000000
0.008654
0.000000
0.000000
0.000000
0.000000
0.000000
0.162968
0.000000
0.000000
0.000000
0.000000
0.000000
0.000000
0.000000
0.000000
0.000000
0.000000
0.000000
0.000000
0.000000
0.000000
0.000000
0.025373
0.018891
0.000000
0.000000
0.000000
0.000000
0.000000
0.000000
0.000000
0.000000
0.000000
0.000000
0.000000
0.000000
0.000000
0.000000
0.000000
0.000000
0.000000
0.000000
0.000000
0.000000
0.000000
0.069636
0.000000
0.000000
0.000000
0.000000
0.000000
0.000000
0.000000
0.000000
0.000000
0.000000
0.000000
0.000000
0.000000
0.000000
0.000000
0.000000
0.000000
0.000000
0.000000
0.000000
0.000000
0.000000
0.000000
0.000000
0.000000
0.000000
0.244453
0.000000
0.000000
0.000000
0.000000
0.000000
0.000000
0.000000
0.000000
0.000000
0.000000
0.000000
0.000000
0.000000
0.081651
0.211001
0.000000
0.056702
0.000000
0.000000
0.000000
0.280988
0.000000
0.000000
0.000000
0.000000
0.000000
0.000000
0.000000
0.000000
0.000000
0.000000
0.000000
0.000000
0.000000
0.000000
0.000000
0.000000
0.000000
0.000000
0.000000
0.000000
0.000000
0.000000
0.000000
0.000000
0.000000
0.000000
0.681628
0.000000
0.000000
0.138109
0.000000
0.000000
0.000000
0.000000
0.000000
0.000000
0.000000
0.000000
0.000000
0.000000
0.000000
0.000000
0.000000
0.012661
0.000000
0.978518
0.000000
0.000000
0.000000
0.000000
0.000000
0.000000
0.000000
0.000000
0.000000
0.000000
0.000000
0.569164
0.405126
0.759261
0.000000
0.000000
0.016478
1.358071
0.000000
0.000000
0.045724
0.000000
0.000000
0.000000
0.000000
0.000000
0.000000
1.016272
0.000000
0.000000
0.000000
0.000000
0.000000
0.000000
0.000000
0.000000
1.672809
0.000000
0.000000
0.000000
0.000000
0.425549
0.000000
0.000000
2.480946
1.485368
0.000000
0.700233
0.000000
0.000000
0.000000
0.021754
0.000000
0.000000
0.000000
0.000000
0.000000
0.000000
0.000000
0.000000
0.000000
0.000000
0.000000
0.486633
0.000000
0.000000
0.000000
0.000000
0.000000
0.000000
0.000000
0.000000
0.000000
0.085486
0.000000
0.000000
1.561496
0.000000
0.000000
0.000000
0.000000
0.715638
0.000000
0.949813
0.000000
0.000000
0.000000
0.000000
1.290676
0.000000
0.000000
0.000000
0.000000
0.000000
0.000000
0.000000
0.000000
0.000000
0.000000
0.000000
1.380913
1.231871
0.770957
0.000000
0.000000
0.719026
0.000000
0.000000
0.000000
0.490059
0.000000
0.000000
0.000000
0.000000
0.000000
2.163514
0.000000
0.000000
0.000000
0.000000
0.000000
0.000000
0.000000
0.000000
0.000000
0.000000
0.000000
0.000000
0.000000
0.000000
0.000000
0.000000
0.000000
0.000000
0.000000
0.000000
0.000000
0.000000
0.000000
0.000000
0.000000
0.000000
0.000000
0.740372
0.000000
0.000000
0.000000
1.621198
0.874552
0.000000
0.000000
0.000000
0.000000
0.000000
0.000000
0.000000
0.000000
0.000000
0.000000
0.624083
0.402989
0.298056
0.000000
0.000000
0.000000
0.719519
1.279250
0.000000
0.000000
0.000000
0.000000
0.000000
0.000000
0.000000
0.000000
0.000000
0.000000
0.404939
0.000000
0.000000
1.515471
0.000000
0.000000
0.000000
0.000000
0.000000
0.000000
0.000000
0.085182
0.000000
0.000000
0.000000
0.000000
0.000000
0.000000
0.095989
0.000000
0.000000
0.000000
0.000000
0.000000
0.000000
0.649181
0.000000
0.000000
0.000000
0.000000
0.000000
0.000000
0.000000
0.000000
0.000000
0.146401
0.000000
0.000000
0.000000
0.000000
0.000000
0.000000
0.000000
0.000000
0.000000
0.000000
0.000000
0.000000
0.000000
0.000000
0.000000
0.000000
0.000000
0.000000
0.000000
0.000000
0.000000
0.000000
0.000000
0.000000
0.000000
0.000000
0.000000
0.000000
0.000000
0.383170
0.000000
0.706722
0.000000
0.000000
0.000000
0.000000
0.000000
1.489980
0.000000
0.571113
0.000000
0.000000
0.000000
0.000000
0.000000
0.000000
0.000000
0.000000
0.000000
0.285821
0.000000
0.000000
0.000000
0.274113
0.000000
0.383034
0.496455
0.000000
0.000000
0.000000
0.565392
0.000000
0.000000
0.000000
0.000000
0.000000
0.000000
0.000000
0.022505
0.000000
0.000000
0.000000
0.000000
0.000000
0.000000
0.000000
0.000000
0.000000
0.000000
0.000000
0.000000
0.000000
0.000000
0.004748
0.000000
0.000000
0.000000
0.000000
0.000000
0.000000
0.000000
0.000000
0.000000
0.354825
0.000000
0.015157
0.000000
0.000000
0.000000
0.000000
0.000000
0.752706
0.000000
0.000000
0.000000
0.000000
0.000000
0.000000
0.000000
0.000000
0.000000
0.000000
0.000000
0.000000
0.000000
0.000000
0.000000
0.000000
0.000000
0.360286
0.000000
0.000000
0.000000
0.000000
0.083363
0.000000
0.000000
0.000000
0.000000
0.000000
0.000000
0.000000
0.000000
0.000000
0.000000
0.000000
0.000000
0.000000
0.000000
0.000000
0.000000
0.000000
0.000000
0.000000
0.000000
0.000000
0.000000
0.000000
0.000000
0.000000
0.000000
0.000000
0.000000
0.000000
0.000000
0.000000
0.000000
0.000000
0.000000
0.008654
0.000000
0.000000
0.000000
0.000000
0.000000
0.162968
0.000000
0.000000
0.000000
0.000000
0.000000
0.000000
0.000000
0.000000
0.000000
0.000000
0.000000
0.000000
0.000000
0.000000
0.000000
0.025373
0.018891
0.000000
0.000000
0.000000
0.000000
0.000000
0.000000
0.000000
0.000000
0.000000
0.000000
0.000000
0.000000
0.000000
0.000000
0.000000
0.000000
0.000000
0.000000
0.000000
0.000000
0.000000
0.000000
0.000000
0.000000
0.000000
0.000000
0.000000
0.000000
0.000000
0.000000
0.000000
0.000000
0.000000
0.000000
0.000000
0.000000
0.000000
0.000000
0.000000
0.000000
0.008654
0.000000
0.000000
0.000000
0.000000
0.000000
0.162968
0.000000
0.000000
0.000000
0.000000
0.000000
0.000000
0.000000
0.000000
0.000000
0.000000
0.000000
0.000000
0.000000
0.000000
0.000000
0.025373
0.018891
0.000000
0.000000
0.000000
0.000000
0.000000
0.000000
0.000000
0.000000
0.000000
0.000000
0.000000
0.000000
0.000000
0.000000
0.000000
0.000000
0.000000
0.000000
0.000000
0.000000
0.000000
0.000000
0.000000
0.000000
0.000000
0.000000
0.000000
0.000000
0.000000
0.000000
0.000000
0.000000
0.000000
0.000000
0.000000
0.000000
0.000000
0.000000
0.000000
0.000000
0.008654
0.000000
0.000000
0.000000
0.000000
0.000000
0.162968
0.000000
0.000000
0.000000
0.000000
0.000000
0.000000
0.000000
0.000000
0.000000
0.000000
0.000000
0.000000
0.000000
0.000000
0.000000
0.025373
0.018891
0.000000
0.000000
0.000000
0.000000
0.000000
0.000000
0.000000
0.000000
0.000000
0.000000
0.000000
0.000000
0.000000
0.000000
0.000000
0.000000
0.000000
0.000000
0.000000
0.000000
0.000000
0.000000
0.000000
0.000000
0.000000
0.000000
0.000000
0.000000
0.000000
0.000000
0.000000
0.000000
0.000000
0.000000
0.000000
0.000000
0.000000
0.000000
0.000000
0.000000
0.008654
0.000000
0.000000
0.000000
0.000000
0.000000
0.162968
0.000000
0.000000
0.000000
0.000000
0.000000
0.000000
0.000000
0.000000
0.000000
0.000000
0.000000
0.000000
0.000000
0.000000
0.000000
0.025373
0.018891
0.000000
0.000000
0.000000
0.000000
0.000000
0.000000
0.000000
0.000000
0.000000
0.000000
0.000000
0.238536
0.000000
0.000000
0.000000
0.000000
0.000000
0.080476
0.000000
0.000000
0.000000
0.000000
0.000000
0.000000
0.000000
0.000000
0.000000
0.000000
0.362176
0.000000
0.000000
0.000000
0.000000
0.000000
0.000000
0.000000
0.000000
0.000000
0.467923
0.000000
0.000000
0.000000
0.000000
0.288527
0.000000
0.000000
0.000000
0.000000
0.622468
0.000000
0.000000
0.000000
0.000000
0.000000
0.000000
0.000000
0.000000
0.000000
0.438038
0.000000
0.315562
0.000000
0.000000
0.168555
0.000000
0.239232
0.000000
0.000000
0.000000
0.419641
0.000000
0.000000
0.000000
0.000000
0.000000
0.833718
0.000000
0.000000
0.000000
0.000000
0.477082
0.000000
0.000000
0.485288
0.000000
0.000000
0.000000
0.000000
0.386580
0.000000
0.336443
0.000000
0.776556
0.000000
0.000000
0.000000
0.000000
0.000000
0.000000
0.000000
0.000000
0.000000
0.577753
0.000000
0.000000
0.000000
0.000000
1.569993
0.000000
0.000000
0.000000
0.000000
0.000000
0.000000
0.000000
0.000000
0.062211
0.000000
0.000000
0.000000
0.000000
0.247164
0.380687
0.000000
0.000000
0.000000
0.000000
0.000000
0.255125
0.000000
0.000000
0.000000
0.000000
0.736821
0.000000
0.000000
0.000000
0.000000
0.000000
0.005871
0.000000
0.000000
0.227376
0.000000
0.000000
0.000000
0.000000
0.000000
0.000000
0.000000
0.000000
0.000000
0.657765
0.000000
0.623361
0.000000
0.000000
0.134485
0.000000
0.000000
0.000000
0.000000
0.000000
0.000000
0.000000
0.321986
0.000000
0.596054
0.000000
0.000000
0.000000
0.281922
0.000000
0.000000
0.000000
0.000000
0.000000
0.000000
0.000000
0.000000
0.019551
0.000000
0.000000
0.000000
0.000000
0.000000
0.000000
0.000000
0.000000
0.000000
0.000000
0.000000
0.000000
0.000000
0.000000
0.146218
0.000000
0.000000
0.000000
0.000000
0.000000
0.000000
0.000000
0.000000
0.809867
0.000000
0.549665
0.000000
0.000000
0.000000
0.000000
0.188911
0.000000
0.000000
0.000000
0.000000
0.000000
0.000000
0.257741
0.000000
0.000000
0.000000
0.000000
0.000000
0.000000
0.000000
0.000000
0.000000
0.000000
1.192325
0.000000
0.392120
0.489809
0.000000
0.000000
0.000000
0.000000
0.000000
0.000000
0.000000
0.000000
0.000000
0.000000
0.000000
0.199071
0.000000
0.266243
0.000000
0.000000
0.000000
0.000000
0.000000
0.000000
0.000000
1.406161
0.000000
0.000000
0.000000
0.000000
0.000000
0.000000
0.000000
0.000000
0.000000
0.000000
0.000000
0.000000
0.160180
0.000000
0.471714
0.180829
0.000000
0.000000
0.000000
0.000000
0.370102
0.000000
0.000000
0.000000
0.000000
0.000000
0.000000
0.000000
0.000000
0.000000
0.000000
0.000000
0.000000
0.000000
0.000000
0.000000
0.000000
0.173923
0.239880
0.000000
0.000000
1.365699
0.000000
0.000000
0.000000
0.000000
0.000000
0.000000
0.000000
0.309949
0.000000
0.193066
0.000000
0.000000
0.000000
0.000000
0.000000
0.000000
0.000000
0.000000
0.000000
0.000000
0.000000
1.055308
0.000000
0.000000
1.060850
0.000000
0.000000
0.000000
0.554352
0.000000
0.000000
0.000000
0.206504
0.264678
0.000000
0.000000
0.122308
0.000000
0.000000
0.000000
0.000000
0.000000
0.000000
0.000000
0.000000
0.000000
0.000000
0.000000
0.000000
0.000000
0.000000
0.093872
0.000000
0.000000
0.000000
0.000000
0.000000
0.000000
0.000000
0.000000
0.000000
0.468278
0.000000
0.137263
0.000000
0.000000
0.000000
0.000000
0.000000
0.959069
0.000000
0.085908
0.000000
0.000000
0.000000
0.000000
0.000000
0.000000
0.000000
0.000000
0.000000
0.000000
0.000000
0.000000
0.000000
0.000000
0.000000
0.513123
0.147261
0.000000
0.000000
0.000000
0.269966
0.000000
0.000000
0.000000
0.000000
0.000000
0.000000
0.000000
0.000000
0.000000
0.000000
0.000000
0.000000
0.000000
0.000000
0.000000
0.000000
0.000000
0.000000
0.000000
0.000000
0.000000
0.000000
0.000000
0.000000
0.000000
0.000000
0.000000
0.000000
0.000000
0.000000
0.000000
0.000000
0.000000
0.000000
0.001515
0.000000
0.000000
0.000000
0.000000
0.000000
0.188641
0.000000
0.000000
0.000000
0.000000
0.000000
0.000000
0.000000
0.000000
0.000000
0.000000
0.000000
0.000000
0.000000
0.000000
0.000000
0.003731
0.000000
0.000000
0.000000
0.000000
0.000000
0.000000
0.000000
0.000000
0.000000
0.000000
0.000000
0.000000
0.000000
0.000000
0.000000
0.000000
0.000000
0.000000
0.000000
0.000000
0.000000
0.000000
0.000000
0.000000
0.000000
0.000000
0.000000
0.000000
0.000000
0.000000
0.000000
0.000000
0.000000
0.000000
0.000000
0.000000
0.000000
0.000000
0.000000
0.000000
0.000000
0.008654
0.000000
0.000000
0.000000
0.000000
0.000000
0.162968
0.000000
0.000000
0.000000
0.000000
0.000000
0.000000
0.000000
0.000000
0.000000
0.000000
0.000000
0.000000
0.000000
0.000000
0.000000
0.025373
0.018891
0.000000
0.000000
0.000000
0.000000
0.000000
0.000000
0.000000
0.000000
0.000000
0.000000
0.000000
0.000000
0.000000
0.000000
0.000000
0.000000
0.000000
0.000000
0.000000
0.000000
0.000000
0.000000
0.000000
0.000000
0.000000
0.000000
0.000000
0.000000
0.000000
0.000000
0.000000
0.000000
0.000000
0.000000
0.000000
0.000000
0.000000
0.000000
0.000000
0.000000
0.008654
0.000000
0.000000
0.000000
0.000000
0.000000
0.162968
0.000000
0.000000
0.000000
0.000000
0.000000
0.000000
0.000000
0.000000
0.000000
0.000000
0.000000
0.000000
0.000000
0.000000
0.000000
0.025373
0.018891
0.000000
0.000000
0.000000
0.000000
0.000000
0.000000
0.000000
0.000000
0.000000
0.000000
0.000000
